2.62153
2.60136
2.58143
2.56172
2.54222
2.52294
2.50387
2.48502
2.46635
2.4479
2.42963
2.41157
2.39369
2.376
2.3585
2.34117
2.32402
2.30705
2.29025
2.27363
2.25716
2.24087
2.22473
2.20876
2.19294
2.17728
2.16177
2.14641
2.1312
2.11614
2.10122
2.08644
2.07181
2.05732
2.04295
2.02873
2.01464
2.00068
1.98685
1.97315
1.95957
1.94612
1.93279
1.91959
1.9065
1.89353
1.88069
1.86795
1.85533
1.84282
1.83042
1.81813
1.80596
1.79389
1.78192
1.77006
1.7583
1.74665
1.73509
1.72364
1.71229
1.70103
1.68987
1.6788
1.66783
1.65695
1.64617
1.63547
1.62487
1.61435
1.60392
1.59358
1.58333
1.57316
1.56307
1.55307
1.54314
1.53331
1.52355
1.51387
1.50427
1.49474
1.4853
1.47593
1.46664
1.45742
1.44827
1.4392
1.4302
1.42127
1.41241
1.40363
1.39491
1.38626
1.37768
1.36916
1.36071
1.35233
1.34401
1.33576
1.32757
1.31945
1.31138
1.30338
1.29544
1.28756
1.27974
1.27198
1.26428
1.25663
1.24905
1.24152
1.23405
1.22663
1.21927
1.21197
1.20471
1.19752
1.19037
1.18328
1.17624
1.16925
1.16232
1.15543
1.1486
1.14182
1.13508
1.12839
1.12176
1.11517
1.10862
1.10213
1.09568
1.08928
1.08292
1.07661
1.07034
1.06412
1.05794
1.05181
1.04572
1.03967
1.03366
1.0277
1.02178
1.0159
1.01006
1.00426
0.998507
0.99279
0.987111
0.981473
0.97587
0.97031
0.964787
0.9593
0.953853
0.948442
0.943069
0.937731
0.93243
0.927164
0.921935
0.916741
0.911581
0.906458
0.901368
0.89631
0.89129
0.8863
0.881344
0.876422
0.871531
0.866675
0.861849
0.857053
0.852294
0.847563
0.842863
0.838194
0.833555
0.828947
0.82437
0.819823
0.815304
0.810814
0.806355
0.801923
0.79752
0.793146
0.7888
0.784481
0.78019
0.775928
0.771692
0.767483
0.763302
0.759144
0.755016
0.750912
0.746836
0.742785
0.738759
0.734758
0.730782
0.726832
0.722906
0.719004
0.715129
0.711275
0.707445
0.703641
0.699859
0.696101
0.692369
0.688655
0.684966
0.681302
0.677659
0.674038
0.670438
0.666862
0.663306
0.659774
0.656263
0.652771
0.649303
0.645854
0.642427
0.639021
0.635634
0.632268
0.628923
0.625598
0.622292
0.619007
0.615743
0.612496
0.609269
0.606063
0.602873
0.599705
0.596553
0.593421
0.590307
0.587214
0.584136
0.581078
0.578038
0.575014
0.572009
0.569022
0.566053
0.563101
0.560166
0.557249
0.554346
0.551462
0.548594
0.545745
0.542911
0.540092
0.537292
0.534507
0.531738
0.528986
0.526248
0.523528
0.52082
0.51813
0.515455
0.512795
0.510151
0.507522
0.504908
0.502309
0.499724
0.497155
0.494598
0.492058
0.489532
0.48702
0.484521
0.482038
0.479568
0.477113
0.474671
0.472243
0.469828
0.467427
0.465039
0.462665
0.460305
0.457957
0.455622
0.4533
0.450992
0.448696
0.446413
0.444143
0.441885
0.43964
0.437407
0.435185
0.432978
0.430781
0.428598
0.426426
0.424267
0.422118
0.419981
0.417857
0.415744
0.413643
0.411553
0.409475
0.407408
0.405353
0.403307
0.401275
0.399252
0.397241
0.39524
0.393251
0.391272
0.389304
0.387347
0.3854
0.383464
0.381538
0.379622
0.377718
0.375823
0.373938
0.372064
0.370199
0.368345
0.3665
0.364666
0.362841
0.361026
0.359221
0.357425
0.35564
0.353862
0.352096
0.350338
0.34859
0.346851
0.345121
0.343401
0.341689
0.339987
0.338293
0.33661
0.334934
0.333268
0.331609
0.32996
0.32832
0.326689
0.325066
0.323451
0.321845
0.320247
0.318658
0.317077
0.315505
0.31394
0.312384
0.310837
0.309297
0.307765
0.306241
0.304725
0.303216
0.301717
0.300225
0.29874
0.297264
0.295794
0.294333
0.292879
0.291433
0.289994
0.288563
0.287139
0.285723
0.284313
0.282912
0.281517
0.28013
0.278748
0.277376
0.27601
0.274651
0.273299
0.271954
0.270616
0.269284
0.26796
0.266642
0.265332
0.264027
0.26273
0.261439
0.260155
0.258878
0.257606
0.256342
0.255084
0.253832
0.252587
0.251348
0.250116
0.24889
0.247669
0.246456
0.245248
0.244047
0.242851
0.241662
0.240479
0.239302
0.238131
0.236966
0.235806
0.234653
0.233505
0.232363
0.231227
0.230097
0.228972
0.227853
0.226741
0.225632
0.224531
0.223435
0.222344
0.221258
0.220178
0.219104
0.218035
0.216972
0.215914
0.21486
0.213813
0.21277
0.211733
0.210701
0.209674
0.208653
0.207636
0.206625
0.205619
0.204617
0.203622
0.20263
0.201643
0.200663
0.199686
0.198715
0.197748
0.196786
0.19583
0.194877
0.193929
0.192987
0.192049
0.191116
0.190187
0.189262
0.188343
0.187428
0.186518
0.185612
0.184711
0.183814
0.182922
0.182034
0.18115
0.180271
0.179396
0.178526
0.17766
0.176798
0.175941
0.175088
0.174239
0.173394
0.172554
0.171717
0.170885
0.170057
0.169233
0.168413
0.167597
0.166785
0.165977
0.165173
0.164373
0.163577
0.162785
0.161997
0.161213
0.160432
0.159656
0.158883
0.158115
0.15735
0.156588
0.155831
0.155077
0.154327
0.15358
0.152838
0.152099
0.151363
0.150632
0.149903
0.149179
0.148458
0.14774
0.147026
0.146316
0.145609
0.144905
0.144205
0.143509
0.142815
0.142126
0.141439
0.140757
0.140077
0.139401
0.138728
0.138057
0.137391
0.136728
0.136068
0.135412
0.134758
0.134108
0.133461
0.132817
0.132176
0.131538
0.130904
0.130272
0.129644
0.129019
0.128397
0.127777
0.127161
0.126548
0.125938
0.125331
0.124727
0.124125
0.123527
0.122932
0.122339
0.12175
0.121163
0.120579
0.119998
0.11942
0.118845
0.118272
0.117703
0.117135
0.116571
0.11601
0.115451
0.114895
0.114342
0.113791
0.113243
0.112698
0.112155
0.111615
0.111078
0.110544
0.110011
0.109482
0.108955
0.10843
0.107908
0.107389
0.106872
0.106358
0.105846
0.105337
0.10483
0.104326
0.103824
0.103324
0.102827
0.102333
0.101841
0.101351
0.100863
0.100378
0.0998953
0.099415
0.0989368
0.0984609
0.0979874
0.0975164
0.0970475
0.0965809
0.0961165
0.0956544
0.0951947
0.0947369
0.0942814
0.0938284
0.0933771
0.0929287
0.0924818
0.0920373
0.0915949
0.0911546
0.0907166
0.0902807
0.089847
0.0894152
0.0889856
0.0885579
0.0881325
0.0877093
0.0872877
0.0868682
0.0864509
0.0860355
0.0856225
0.0852111
0.0848018
0.0843945
0.0839891
0.0835856
0.0831841
0.0827847
0.0823873
0.0819914
0.0815978
0.0812058
0.0808157
0.0804279
0.0800415
0.0796572
0.0792747
0.0788941
0.0785153
0.0781383
0.0777633
0.0773898
0.0770183
0.0766486
0.0762806
0.0759144
0.0755499
0.0751873
0.0748264
0.0744671
0.0741098
0.073754
0.0733999
0.0730476
0.0726971
0.0723483
0.0720011
0.0716554
0.0713117
0.0709694
0.070629
0.0702899
0.0699527
0.0696171
0.0692829
0.0689504
0.0686198
0.0682904
0.0679626
0.0676366
0.0673121
0.0669891
0.0666676
0.066348
0.0660296
0.0657129
0.0653976
0.0650838
0.0647715
0.0644609
0.0641518
0.063844
0.0635378
0.0632329
0.0629296
0.0626278
0.0623274
0.0620284
0.061731
0.0614348
0.0611402
0.060847
0.0605552
0.0602647
0.0599758
0.0596882
0.0594019
0.0591169
0.0588335
0.0585512
0.0582706
0.0579911
0.057713
0.0574363
0.0571608
0.0568868
0.0566141
0.0563425
0.0560724
0.0558035
0.055536
0.0552697
0.0550047
0.0547409
0.0544785
0.0542173
0.0539574
0.0536987
0.0534413
0.053185
0.05293
0.0526762
0.0524238
0.0521724
0.0519224
0.0516733
0.0514256
0.0511792
0.050934
0.0506897
0.0504467
0.0502048
0.0499642
0.0497247
0.0494864
0.0492491
0.049013
0.0487782
0.0485444
0.0483117
0.0480801
0.0478497
0.0476203
0.0473921
0.0471649
0.0469389
0.046714
0.04649
0.0462672
0.0460454
0.0458248
0.0456051
0.0453866
0.0451691
0.0449525
0.0447371
0.0445228
0.0443093
0.044097
0.0438857
0.0436755
0.0434661
0.043258
0.0430504
0.0428441
0.0426389
0.0424345
0.0422312
0.0420289
0.0418276
0.041627
0.0414277
0.0412291
0.0410316
0.040835
0.0406392
0.0404446
0.0402507
0.0400579
0.0398659
0.0396749
0.0394848
0.0392957
0.0391074
0.03892
0.0387335
0.038548
0.0383633
0.0381794
0.0379965
0.0378145
0.0376333
0.037453
0.0372736
0.037095
0.0369172
0.0367405
0.0365644
0.0363891
0.0362148
0.0360413
0.0358686
0.0356968
0.0355258
0.0353556
0.0351863
0.0350177
0.0348499
0.0346829
0.0345168
0.0343515
0.0341869
0.0340231
0.0338601
0.0336979
0.0335365
0.0333759
0.033216
0.0330569
0.0328985
0.0327409
0.0325841
0.032428
0.0322727
0.032118
0.0319643
0.0318112
0.0316587
0.0315071
0.0313562
0.031206
0.0310565
0.0309077
0.0307597
0.0306123
0.0304657
0.0303198
0.0301746
0.03003
0.0298862
0.0297431
0.0296006
0.0294588
0.0293177
0.0291773
0.0290375
0.0288985
0.0287601
0.0286223
0.0284852
0.0283488
0.028213
0.0280778
0.0279434
0.0278096
0.0276763
0.0275438
0.0274119
0.0272806
0.02715
0.0270199
0.0268906
0.0267617
0.0266335
0.026506
0.0263791
0.0262527
0.026127
0.0260019
0.0258774
0.0257534
0.0256301
0.0255074
0.0253852
0.0252636
0.0251427
0.0250222
0.0249024
0.0247831
0.0246645
0.0245464
0.0244288
0.0243118
0.0241954
0.0240794
0.0239642
0.0238494
0.0237353
0.0236216
0.0235084
0.0233959
0.0232838
0.0231723
0.0230614
0.0229509
0.022841
0.0227317
0.0226228
0.0225144
0.0224067
0.0222994
0.0221926
0.0220862
0.0219806
0.0218753
0.0217705
0.0216663
0.0215625
0.0214593
0.0213565
0.0212543
0.0211525
0.0210513
0.0209504
0.0208501
0.0207503
0.0206509
0.0205521
0.0204537
0.0203557
0.0202582
0.0201612
0.0200647
0.0199687
0.0198731
0.0197778
0.0196832
0.0195889
0.0194951
0.0194018
0.0193089
0.0192165
0.0191244
0.0190329
0.0189417
0.0188511
0.0187608
0.018671
0.0185816
0.0184926
0.018404
0.018316
0.0182283
0.018141
0.0180541
0.0179677
0.0178817
0.0177961
0.0177109
0.0176261
0.0175417
0.0174577
0.0173742
0.017291
0.0172082
0.0171258
0.0170439
0.0169622
0.016881
0.0168002
0.0167198
0.0166397
0.0165601
0.0164808
0.0164019
0.0163234
0.0162453
0.0161675
0.0160901
0.0160131
0.0159364
0.0158601
0.0157842
0.0157086
0.0156334
0.0155586
0.0154841
0.01541
0.0153362
0.0152628
0.0151898
0.0151171
0.0150447
0.0149727
0.014901
0.0148297
0.0147587
0.0146881
0.0146177
0.0145478
0.0144781
0.0144088
0.0143399
0.0142712
0.0142029
0.014135
0.0140673
0.014
0.013933
0.0138662
0.0137999
0.0137338
0.0136681
0.0136027
0.0135376
0.0134728
0.0134083
0.0133441
0.0132803
0.0132167
0.0131534
0.0130905
0.0130278
0.0129655
0.0129034
0.0128417
0.0127802
0.012719
0.0126582
0.0125976
0.0125373
0.0124773
0.0124176
0.0123582
0.012299
0.0122401
0.0121816
0.0121233
0.0120653
0.0120075
0.0119501
0.0118929
0.0118359
0.0117793
0.0117229
0.0116668
0.011611
0.0115554
0.0115001
0.0114451
0.0113904
0.0113358
0.0112816
0.0112276
0.0111739
0.0111204
0.0110672
0.0110143
0.0109616
0.0109091
0.0108569
0.010805
0.0107532
0.0107018
0.0106506
0.0105996
0.0105489
0.0104984
0.0104482
0.0103982
0.0103485
0.0102989
0.0102497
0.0102006
0.0101518
0.0101032
0.0100549
0.0100068
0.00995895
0.00991127
0.00986386
0.00981669
0.00976968
0.00972295
0.00967642
0.00963014
0.00958407
0.0095382
0.00949259
0.00944718
0.00940198
0.009357
0.00931226
0.00926766
0.00922334
0.00917923
0.0091353
0.0090916
0.0090481
0.00900485
0.00896177
0.00891888
0.00887624
0.00883375
0.00879149
0.00874947
0.00870759
0.00866594
0.00862447
0.00858324
0.00854218
0.00850132
0.00846065
0.00842016
0.00837991
0.00833984
0.00829993
0.00826026
0.00822073
0.00818141
0.00814229
0.00810334
0.00806458
0.00802599
0.00798762
0.00794941
0.00791139
0.00787356
0.0078359
0.00779842
0.00776113
0.00772401
0.00768707
0.00765029
0.00761373
0.00757729
0.00754107
0.007505
0.00746912
0.00743339
0.00739785
0.00736246
0.00732726
0.00729222
0.00725736
0.00722263
0.00718812
0.00715373
0.00711953
0.00708548
0.0070516
0.00701788
0.00698433
0.00695094
0.0069177
0.00688462
0.0068517
0.00681894
0.00678634
0.00675388
0.00672159
0.00668943
0.00665746
0.00662564
0.00659395
0.00656243
0.00653106
0.00649983
0.00646876
0.00643782
0.00640704
0.00637643
0.00634593
0.00631559
0.0062854
0.00625537
0.00622544
0.00619568
0.00616607
0.0061366
0.00610725
0.00607805
0.00604899
0.0060201
0.00599132
0.00596267
0.00593416
0.00590581
0.00587757
0.00584947
0.00582152
0.00579369
0.00576601
0.00573844
0.00571102
0.00568371
0.00565655
0.00562953
0.00560261
0.00557582
0.00554918
0.00552266
0.00549625
0.00546998
0.00544386
0.00541783
0.00539194
0.00536617
0.00534053
0.00531501
0.0052896
0.00526433
0.00523917
0.00521413
0.00518923
0.00516442
0.00513974
0.00511518
0.00509073
0.00506641
0.0050422
0.0050181
0.00499413
0.00497027
0.00494651
0.00492288
0.00489935
0.00487595
0.00485265
0.00482947
0.0048064
0.00478343
0.00476056
0.00473784
0.0047152
0.00469266
0.00467024
0.00464794
0.00462573
0.00460363
0.00458164
0.00455975
0.00453796
0.0045163
0.00449473
0.00447325
0.00445188
0.00443061
0.00440945
0.00438839
0.00436742
0.00434656
0.0043258
0.00430514
0.00428457
0.00426411
0.00424374
0.00422347
0.00420329
0.00418323
0.00416325
0.00414337
0.00412359
0.00410388
0.00408429
0.00406478
0.00404536
0.00402605
0.00400682
0.00398769
0.00396864
0.0039497
0.00393084
0.00391205
0.00389337
0.00387479
0.00385629
0.00383787
0.00381954
0.00380131
0.00378315
0.00376509
0.00374712
0.00372922
0.00371141
0.0036937
0.00367606
0.00365851
0.00364105
0.00362366
0.00360636
0.00358915
0.00357201
0.00355496
0.00353799
0.00352111
0.00350429
0.00348756
0.00347092
0.00345435
0.00343786
0.00342145
0.00340511
0.00338886
0.00337269
0.00335658
0.00334057
0.00332463
0.00330875
0.00329296
0.00327725
0.0032616
0.00324604
0.00323055
0.00321513
0.00319979
0.00318452
0.00316932
0.00315419
0.00313914
0.00312417
0.00310926
0.00309442
0.00307965
0.00306496
0.00305033
0.00303577
0.00302129
0.00300688
0.00299253
0.00297825
0.00296404
0.0029499
0.00293583
0.00292182
0.00290788
0.00289401
0.0028802
0.00286646
0.00285278
0.00283917
0.00282564
0.00281215
0.00279874
0.00278539
0.0027721
0.00275888
0.00274572
0.00273262
0.0027196
0.00270662
0.00269371
0.00268086
0.00266807
0.00265534
0.00264268
0.00263009
0.00261754
0.00260506
0.00259264
0.00258027
0.00256797
0.00255572
0.00254354
0.0025314
0.00251934
0.00250733
0.00249537
0.00248347
0.00247163
0.00245985
0.00244812
0.00243644
0.00242483
0.00241327
0.00240177
0.00239031
0.00237892
0.00236757
0.00235629
0.00234506
0.00233388
0.00232275
0.00231168
0.00230066
0.0022897
0.00227878
0.00226792
0.00225712
0.00224635
0.00223565
0.00222499
0.00221439
0.00220383
0.00219333
0.00218288
0.00217248
0.00216212
0.00215182
0.00214156
0.00213136
0.0021212
0.00211109
0.00210104
0.00209103
0.00208107
0.00207115
0.00206128
0.00205146
0.00204169
0.00203196
0.00202228
0.00201264
0.00200306
0.00199351
0.00198401
0.00197457
0.00196516
0.0019558
0.00194648
0.00193721
0.00192798
0.0019188
0.00190966
0.00190056
0.00189151
0.0018825
0.00187354
0.00186461
0.00185573
0.0018469
0.0018381
0.00182935
0.00182064
0.00181197
0.00180334
0.00179475
0.00178621
0.0017777
0.00176924
0.00176081
0.00175243
0.00174409
0.00173578
0.00172752
0.0017193
0.00171111
0.00170297
0.00169486
0.00168679
0.00167876
0.00167077
0.00166282
0.0016549
0.00164703
0.00163919
0.00163139
0.00162362
0.00161589
0.0016082
0.00160055
0.00159293
0.00158535
0.00157781
0.0015703
0.00156283
0.00155539
0.00154799
0.00154063
0.00153329
0.001526
0.00151874
0.00151151
0.00150432
0.00149717
0.00149004
0.00148295
0.0014759
0.00146887
0.00146189
0.00145493
0.00144802
0.00144113
0.00143427
0.00142745
0.00142066
0.00141391
0.00140718
0.00140049
0.00139383
0.0013872
0.0013806
0.00137403
0.0013675
0.001361
0.00135453
0.00134809
0.00134168
0.0013353
0.00132895
0.00132263
0.00131634
0.00131008
0.00130386
0.00129766
0.00129149
0.00128535
0.00127924
0.00127316
0.00126711
0.00126108
0.00125509
0.00124912
0.00124319
0.00123728
0.0012314
0.00122555
0.00121972
0.00121392
0.00120816
0.00120242
0.0011967
0.00119101
0.00118535
0.00117972
0.00117412
0.00116854
0.00116299
0.00115747
0.00115197
0.0011465
0.00114105
0.00113563
0.00113023
0.00112486
0.00111952
0.0011142
0.00110891
0.00110364
0.0010984
0.00109318
0.00108799
0.00108283
0.00107768
0.00107257
0.00106747
0.00106241
0.00105736
0.00105234
0.00104734
0.00104237
0.00103742
0.0010325
0.0010276
0.00102272
0.00101786
0.00101303
0.00100822
0.00100344
0.000998674
0.000993934
0.000989218
0.00098452
0.000979849
0.000975198
0.000970569
0.000965964
0.000961378
0.000956817
0.000952276
0.000947758
0.000943261
0.000938786
0.000934331
0.000929898
0.000925487
0.000921098
0.000916728
0.000912378
0.000908051
0.000903743
0.000899455
0.00089519
0.000890943
0.000886719
0.000882514
0.000878327
0.000874161
0.000870018
0.000865892
0.000861784
0.000857697
0.000853631
0.000849583
0.000845556
0.000841547
0.000837558
0.000833586
0.000829631
0.000825701
0.000821788
0.000817891
0.000814014
0.000810157
0.000806316
0.000802495
0.00079869
0.000794904
0.000791138
0.000787389
0.000783658
0.000779944
0.000776248
0.000772571
0.00076891
0.000765268
0.000761641
0.000758033
0.000754442
0.000750869
0.00074731
0.000743771
0.000740247
0.000736741
0.000733251
0.00072978
0.000726323
0.000722881
0.000719458
0.000716052
0.000712663
0.000709287
0.00070593
0.000702586
0.000699259
0.000695947
0.000692654
0.000689375
0.000686111
0.000682861
0.000679631
0.000676412
0.000673211
0.000670025
0.000666852
0.000663696
0.000660556
0.000657431
0.000654321
0.000651223
0.000648142
0.000645074
0.000642021
0.000638985
0.000635962
0.000632952
0.000629958
0.000626977
0.000624011
0.000621059
0.000618122
0.000615199
0.000612288
0.000609392
0.00060651
0.000603642
0.000600787
0.000597945
0.000595118
0.000592304
0.000589503
0.000586715
0.000583942
0.000581181
0.000578434
0.0005757
0.000572977
0.000570269
0.000567574
0.00056489
0.000562221
0.000559563
0.000556918
0.000554286
0.000551666
0.00054906
0.000546466
0.000543884
0.000541314
0.000538756
0.000536212
0.000533677
0.000531157
0.000528648
0.00052615
0.000523665
0.000521192
0.00051873
0.000516279
0.000513841
0.000511414
0.000509001
0.000506596
0.000504204
0.000501824
0.000499454
0.000497096
0.00049475
0.000492413
0.000490089
0.000487775
0.000485473
0.00048318
0.000480901
0.000478631
0.000476372
0.000474124
0.000471886
0.000469661
0.000467443
0.000465239
0.000463044
0.000460858
0.000458684
0.00045652
0.000454367
0.000452224
0.000450089
0.000447966
0.000445854
0.000443752
0.000441658
0.000439575
0.000437503
0.00043544
0.000433387
0.000431344
0.000429309
0.000427287
0.000425272
0.000423266
0.000421271
0.000419287
0.00041731
0.000415344
0.000413386
0.000411438
0.000409498
0.000407569
0.000405649
0.000403738
0.000401835
0.000399942
0.000398057
0.000396182
0.000394316
0.000392458
0.00039061
0.00038877
0.00038694
0.000385117
0.000383304
0.000381498
0.000379702
0.000377914
0.000376135
0.000374365
0.000372601
0.000370847
0.000369101
0.000367363
0.000365635
0.000363914
0.000362201
0.000360497
0.0003588
0.000357111
0.000355432
0.000353759
0.000352094
0.000350438
0.000348789
0.000347148
0.000345515
0.00034389
0.000342272
0.000340663
0.000339061
0.000337467
0.000335879
0.0003343
0.000332728
0.000331164
0.000329606
0.000328057
0.000326515
0.000324981
0.000323453
0.000321932
0.000320419
0.000318914
0.000317415
0.000315923
0.000314438
0.00031296
0.00031149
0.000310027
0.00030857
0.000307121
0.000305677
0.000304242
0.000302813
0.000301392
0.000299975
0.000298566
0.000297164
0.000295769
0.000294381
0.000292998
0.000291622
0.000290254
0.00028889
0.000287535
0.000286185
0.000284842
0.000283505
0.000282175
0.000280851
0.000279533
0.000278221
0.000276915
0.000275616
0.000274323
0.000273036
0.000271756
0.000270482
0.000269213
0.000267949
0.000266693
0.000265442
0.000264198
0.000262959
0.000261726
0.000260499
0.000259278
0.000258062
0.000256853
0.000255648
0.00025445
0.000253258
0.000252071
0.00025089
0.000249714
0.000248544
0.00024738
0.00024622
0.000245067
0.000243919
0.000242777
0.000241639
0.000240508
0.000239382
0.000238261
0.000237145
0.000236034
0.000234929
0.00023383
0.000232735
0.000231646
0.000230561
0.000229482
0.000228408
0.00022734
0.000226276
0.000225217
0.000224163
0.000223114
0.000222071
0.000221032
0.000219998
0.000218969
0.000217945
0.000216926
0.000215911
0.000214902
0.000213897
0.000212897
0.000211902
0.000210911
0.000209925
0.000208944
0.000207967
0.000206995
0.000206028
0.000205066
0.000204107
0.000203154
0.000202204
0.00020126
0.00020032
0.000199383
0.000198453
0.000197525
0.000196603
0.000195685
0.000194771
0.000193862
0.000192957
0.000192056
0.000191159
0.000190267
0.000189379
0.000188495
0.000187616
0.00018674
0.000185869
0.000185002
0.000184138
0.00018328
0.000182424
0.000181573
0.000180726
0.000179884
0.000179045
0.00017821
0.000177379
0.000176553
0.000175729
0.00017491
0.000174095
0.000173283
0.000172475
0.000171671
0.000170871
0.000170075
0.000169283
0.000168494
0.000167709
0.000166928
0.000166151
0.000165376
0.000164606
0.00016384
0.000163076
0.000162317
0.000161561
0.00016081
0.000160061
0.000159316
0.000158574
0.000157836
0.000157102
0.000156371
0.000155643
0.000154919
0.000154199
0.000153481
0.000152767
0.000152057
0.00015135
0.000150646
0.000149945
0.000149248
0.000148555
0.000147864
0.000147177
0.000146492
0.000145812
0.000145134
0.00014446
0.000143789
0.00014312
0.000142455
0.000141793
0.000141135
0.00014048
0.000139827
0.000139178
0.000138531
0.000137888
0.000137248
0.000136611
0.000135977
0.000135345
0.000134717
0.000134092
0.00013347
0.00013285
0.000132234
0.000131621
0.00013101
0.000130402
0.000129798
0.000129196
0.000128596
0.000128
0.000127407
0.000126816
0.000126228
0.000125643
0.000125061
0.000124481
0.000123904
0.00012333
0.000122759
0.00012219
0.000121624
0.000121061
0.0001205
0.000119942
0.000119387
0.000118834
0.000118283
0.000117736
0.000117191
0.000116648
0.000116109
0.000115571
0.000115037
0.000114504
0.000113974
0.000113447
0.000112923
0.0001124
0.00011188
0.000111363
0.000110848
0.000110336
0.000109825
0.000109318
0.000108812
0.00010831
0.000107809
0.000107311
0.000106815
0.000106322
0.00010583
0.000105342
0.000104855
0.000104371
0.000103889
0.000103409
0.000102932
0.000102457
0.000101983
0.000101513
0.000101044
0.000100578
0.000100114
9.96519e-05
9.91922e-05
9.87346e-05
9.8279e-05
9.78258e-05
9.73747e-05
9.69258e-05
9.64791e-05
9.60343e-05
9.55916e-05
9.51511e-05
9.47125e-05
9.4276e-05
9.38411e-05
9.34088e-05
9.29786e-05
9.25504e-05
9.2124e-05
9.16998e-05
9.12775e-05
9.08572e-05
9.04388e-05
9.00225e-05
8.96081e-05
8.91957e-05
8.87851e-05
8.83765e-05
8.79698e-05
8.75653e-05
8.71624e-05
8.67613e-05
8.63623e-05
8.5965e-05
8.55699e-05
8.51765e-05
8.47847e-05
8.43948e-05
8.40069e-05
8.36212e-05
8.32368e-05
8.28543e-05
8.24736e-05
8.20947e-05
8.17176e-05
8.13423e-05
8.09688e-05
8.05967e-05
8.02267e-05
7.98583e-05
7.94918e-05
7.91269e-05
7.87638e-05
7.84024e-05
7.80427e-05
7.76844e-05
7.73283e-05
7.69734e-05
7.66205e-05
7.62691e-05
7.59193e-05
7.55713e-05
7.52248e-05
7.488e-05
7.45368e-05
7.4195e-05
7.38552e-05
7.35169e-05
7.318e-05
7.28448e-05
7.25111e-05
7.21789e-05
7.18484e-05
7.15195e-05
7.1192e-05
7.08662e-05
7.05419e-05
7.02191e-05
6.98979e-05
6.9578e-05
6.92597e-05
6.89428e-05
6.86276e-05
6.83136e-05
6.80013e-05
6.76903e-05
6.73809e-05
6.70729e-05
6.67662e-05
6.64612e-05
6.61574e-05
6.5855e-05
6.55542e-05
6.52547e-05
6.49567e-05
6.466e-05
6.43649e-05
6.40711e-05
6.37785e-05
6.34875e-05
6.31976e-05
6.29093e-05
6.26223e-05
6.23366e-05
6.20523e-05
6.17692e-05
6.14875e-05
6.12071e-05
6.09282e-05
6.06503e-05
6.03739e-05
6.00987e-05
5.98249e-05
5.95523e-05
5.9281e-05
5.9011e-05
5.87422e-05
5.84748e-05
5.82085e-05
5.79435e-05
5.76798e-05
5.74172e-05
5.71559e-05
5.68958e-05
5.66369e-05
5.63792e-05
5.61229e-05
5.58678e-05
5.56137e-05
5.53607e-05
5.51091e-05
5.48585e-05
5.46092e-05
5.43609e-05
5.41138e-05
5.38679e-05
5.36233e-05
5.33799e-05
5.31373e-05
5.28958e-05
5.26557e-05
5.24167e-05
5.21789e-05
5.19419e-05
5.17063e-05
5.14716e-05
5.12381e-05
5.10056e-05
5.07744e-05
5.05441e-05
5.03149e-05
5.00868e-05
4.98596e-05
4.96335e-05
4.94087e-05
4.91847e-05
4.8962e-05
4.87403e-05
4.85196e-05
4.82998e-05
4.80811e-05
4.78634e-05
4.76467e-05
4.74311e-05
4.72164e-05
4.70028e-05
4.67902e-05
4.65787e-05
4.63679e-05
4.61584e-05
4.59496e-05
4.57421e-05
4.55352e-05
4.53295e-05
4.51245e-05
4.49207e-05
4.47177e-05
4.45158e-05
4.43147e-05
4.41148e-05
4.39156e-05
4.37173e-05
4.35199e-05
4.33236e-05
4.31281e-05
4.29335e-05
4.27398e-05
4.25471e-05
4.23552e-05
4.21644e-05
4.19743e-05
4.17851e-05
4.15968e-05
4.14092e-05
4.12227e-05
4.1037e-05
4.08522e-05
4.06682e-05
4.04852e-05
4.03028e-05
4.01214e-05
3.99408e-05
3.9761e-05
3.95823e-05
3.94042e-05
3.92269e-05
3.90505e-05
3.8875e-05
3.87002e-05
3.85264e-05
3.83532e-05
3.81809e-05
3.80093e-05
3.78386e-05
3.76687e-05
3.74994e-05
3.73311e-05
3.71634e-05
3.69967e-05
3.68305e-05
3.66654e-05
3.65008e-05
3.6337e-05
3.61741e-05
3.60121e-05
3.58505e-05
3.56898e-05
3.553e-05
3.53707e-05
3.52122e-05
3.50545e-05
3.48974e-05
3.47412e-05
3.45856e-05
3.44307e-05
3.42768e-05
3.41233e-05
3.39705e-05
3.38186e-05
3.36673e-05
3.35168e-05
3.3367e-05
3.32177e-05
3.30693e-05
3.29215e-05
3.27742e-05
3.2628e-05
3.24822e-05
3.23371e-05
3.21928e-05
3.2049e-05
3.1906e-05
3.17635e-05
3.16218e-05
3.14808e-05
3.13404e-05
3.12006e-05
3.10614e-05
3.0923e-05
3.07851e-05
3.0648e-05
3.05114e-05
3.03755e-05
3.02402e-05
3.01055e-05
2.99715e-05
2.9838e-05
2.97051e-05
2.9573e-05
2.94414e-05
2.93104e-05
2.918e-05
2.90502e-05
2.89211e-05
2.87925e-05
2.86645e-05
2.85371e-05
2.84103e-05
2.82841e-05
2.81585e-05
2.80334e-05
2.7909e-05
2.77852e-05
2.76618e-05
2.75391e-05
2.74171e-05
2.72954e-05
2.71743e-05
2.70539e-05
2.69339e-05
2.68146e-05
2.66958e-05
2.65775e-05
2.64598e-05
2.63425e-05
2.62259e-05
2.61098e-05
2.59942e-05
2.58792e-05
2.57646e-05
2.56506e-05
2.55372e-05
2.54243e-05
2.53118e-05
2.51999e-05
2.50885e-05
2.49777e-05
2.48673e-05
2.47574e-05
2.46482e-05
2.45393e-05
2.4431e-05
2.43232e-05
2.42159e-05
2.4109e-05
2.40028e-05
2.38969e-05
2.37916e-05
2.36867e-05
2.35824e-05
2.34785e-05
2.3375e-05
2.32721e-05
2.31696e-05
2.30676e-05
2.29661e-05
2.28651e-05
2.27645e-05
2.26643e-05
2.25646e-05
2.24655e-05
2.23667e-05
2.22683e-05
2.21705e-05
2.20731e-05
2.1976e-05
2.18796e-05
2.17835e-05
2.16878e-05
2.15926e-05
2.14979e-05
2.14036e-05
2.13097e-05
2.12163e-05
2.11232e-05
2.10307e-05
2.09385e-05
2.08468e-05
2.07554e-05
2.06646e-05
2.0574e-05
2.04839e-05
2.03942e-05
2.0305e-05
2.02162e-05
2.01277e-05
2.00396e-05
1.9952e-05
1.98648e-05
1.9778e-05
1.96915e-05
1.96055e-05
1.95199e-05
1.94347e-05
1.93498e-05
1.92654e-05
1.91813e-05
1.90977e-05
1.90144e-05
1.89315e-05
1.8849e-05
1.87668e-05
1.8685e-05
1.86037e-05
1.85226e-05
1.84419e-05
1.83617e-05
1.82817e-05
1.82021e-05
1.8123e-05
1.80441e-05
1.79657e-05
1.78876e-05
1.78099e-05
1.77324e-05
1.76554e-05
1.75787e-05
1.75024e-05
1.74264e-05
1.73508e-05
1.72754e-05
1.72005e-05
1.71259e-05
1.70516e-05
1.69777e-05
1.69041e-05
1.68309e-05
1.67579e-05
1.66853e-05
1.66131e-05
1.65412e-05
1.64696e-05
1.63983e-05
1.63274e-05
1.62567e-05
1.61864e-05
1.61165e-05
1.60468e-05
1.59774e-05
1.59084e-05
1.58397e-05
1.57714e-05
1.57033e-05
1.56355e-05
1.5568e-05
1.55008e-05
1.5434e-05
1.53675e-05
1.53012e-05
1.52353e-05
1.51696e-05
1.51043e-05
1.50393e-05
1.49745e-05
1.49101e-05
1.48459e-05
1.47821e-05
1.47185e-05
1.46552e-05
1.45922e-05
1.45295e-05
1.44671e-05
1.4405e-05
1.43431e-05
1.42815e-05
1.42203e-05
1.41593e-05
1.40986e-05
1.40381e-05
1.39779e-05
1.3918e-05
1.38584e-05
1.3799e-05
1.37399e-05
1.36811e-05
1.36225e-05
1.35642e-05
1.35062e-05
1.34485e-05
1.33909e-05
1.33337e-05
1.32767e-05
1.322e-05
1.31635e-05
1.31074e-05
1.30514e-05
1.29957e-05
1.29403e-05
1.28851e-05
1.28301e-05
1.27754e-05
1.2721e-05
1.26668e-05
1.26128e-05
1.25592e-05
1.25057e-05
1.24525e-05
1.23995e-05
1.23468e-05
1.22942e-05
1.2242e-05
1.219e-05
1.21382e-05
1.20866e-05
1.20353e-05
1.19842e-05
1.19334e-05
1.18828e-05
1.18324e-05
1.17822e-05
1.17322e-05
1.16825e-05
1.1633e-05
1.15838e-05
1.15348e-05
1.14859e-05
1.14373e-05
1.1389e-05
1.13408e-05
1.12928e-05
1.12451e-05
1.11976e-05
1.11503e-05
1.11032e-05
1.10563e-05
1.10096e-05
1.09631e-05
1.0917e-05
1.08709e-05
1.08251e-05
1.07795e-05
1.0734e-05
1.06888e-05
1.06438e-05
1.0599e-05
1.05544e-05
1.051e-05
1.04658e-05
1.04218e-05
1.0378e-05
1.03345e-05
1.02911e-05
1.02479e-05
1.02048e-05
1.0162e-05
1.01194e-05
1.0077e-05
1.00347e-05
9.9927e-06
9.95088e-06
9.90923e-06
9.8677e-06
9.8264e-06
9.78524e-06
9.74435e-06
9.70356e-06
9.663e-06
9.62261e-06
9.58241e-06
9.5424e-06
9.50257e-06
9.46292e-06
9.42343e-06
9.3841e-06
9.34499e-06
9.30603e-06
9.26724e-06
9.22862e-06
9.19019e-06
9.15193e-06
9.11385e-06
9.07593e-06
9.03822e-06
9.00065e-06
8.96324e-06
8.92597e-06
8.8889e-06
8.85199e-06
8.81525e-06
8.77864e-06
8.74219e-06
8.70593e-06
8.66984e-06
8.63392e-06
8.59815e-06
8.56257e-06
8.52713e-06
8.49182e-06
8.45671e-06
8.42173e-06
8.38692e-06
8.35225e-06
8.31777e-06
8.28339e-06
8.2492e-06
8.21517e-06
8.18127e-06
8.14756e-06
8.11394e-06
8.08048e-06
8.04718e-06
8.01406e-06
7.98106e-06
7.94821e-06
7.91555e-06
7.88298e-06
7.85057e-06
7.81832e-06
7.78618e-06
7.75424e-06
7.7224e-06
7.69067e-06
7.65912e-06
7.6277e-06
7.59641e-06
7.5653e-06
7.53431e-06
7.50344e-06
7.47269e-06
7.4421e-06
7.41165e-06
7.38136e-06
7.35119e-06
7.32117e-06
7.29126e-06
7.2615e-06
7.23185e-06
7.20237e-06
7.17299e-06
7.14376e-06
7.11462e-06
7.08564e-06
7.05678e-06
7.02807e-06
6.99945e-06
6.97096e-06
6.9426e-06
6.91439e-06
6.88631e-06
6.85834e-06
6.83049e-06
6.80274e-06
6.77515e-06
6.74766e-06
6.72034e-06
6.69311e-06
6.666e-06
6.63901e-06
6.61213e-06
6.58537e-06
6.55872e-06
6.53223e-06
6.50584e-06
6.47955e-06
6.45336e-06
6.42731e-06
6.40134e-06
6.37551e-06
6.34982e-06
6.32421e-06
6.29871e-06
6.27333e-06
6.24808e-06
6.22293e-06
6.19789e-06
6.17296e-06
6.14816e-06
6.12344e-06
6.09882e-06
6.07433e-06
6.04993e-06
6.02565e-06
6.00149e-06
5.97742e-06
5.95348e-06
5.9296e-06
5.90587e-06
5.88226e-06
5.85874e-06
5.83529e-06
5.81196e-06
5.78874e-06
5.76563e-06
5.7426e-06
5.71969e-06
5.69688e-06
5.67416e-06
5.65153e-06
5.629e-06
5.60657e-06
5.58426e-06
5.56199e-06
5.53987e-06
5.51782e-06
5.49589e-06
5.47404e-06
5.45233e-06
5.43071e-06
5.40916e-06
5.38769e-06
5.36632e-06
5.34506e-06
5.32388e-06
5.30281e-06
5.28182e-06
5.26092e-06
5.24012e-06
5.21939e-06
5.19878e-06
5.17825e-06
5.15781e-06
5.13745e-06
5.11721e-06
5.09701e-06
5.07691e-06
5.0569e-06
5.03698e-06
5.01717e-06
4.99742e-06
4.97779e-06
4.95822e-06
4.93876e-06
4.91935e-06
4.90004e-06
4.88084e-06
4.8617e-06
4.84264e-06
4.82368e-06
4.80479e-06
4.78597e-06
4.76723e-06
4.7486e-06
4.73002e-06
4.71153e-06
4.69313e-06
4.67482e-06
4.65657e-06
4.63841e-06
4.62031e-06
4.60233e-06
4.58439e-06
4.56652e-06
4.54874e-06
4.53104e-06
4.51344e-06
4.4959e-06
4.47844e-06
4.46105e-06
4.44373e-06
4.4265e-06
4.40933e-06
4.39224e-06
4.37522e-06
4.35828e-06
4.3414e-06
4.32462e-06
4.30789e-06
4.29124e-06
4.27467e-06
4.25817e-06
4.24174e-06
4.22538e-06
4.2091e-06
4.19288e-06
4.17673e-06
4.16065e-06
4.14464e-06
4.1287e-06
4.11283e-06
4.09701e-06
4.08127e-06
4.06562e-06
4.05001e-06
4.0345e-06
4.01904e-06
4.00367e-06
3.98834e-06
3.97309e-06
3.95789e-06
3.94275e-06
3.92766e-06
3.91266e-06
3.89772e-06
3.88282e-06
3.868e-06
3.85327e-06
3.8386e-06
3.82397e-06
3.80942e-06
3.7949e-06
3.78049e-06
3.76612e-06
3.75178e-06
3.7375e-06
3.72332e-06
3.70919e-06
3.69514e-06
3.68115e-06
3.6672e-06
3.65332e-06
3.63952e-06
3.62577e-06
3.61207e-06
3.59844e-06
3.58484e-06
3.57132e-06
3.55788e-06
3.54447e-06
3.53114e-06
3.51785e-06
3.50463e-06
3.49145e-06
3.47833e-06
3.46527e-06
3.45226e-06
3.43931e-06
3.4264e-06
3.41356e-06
3.40077e-06
3.38804e-06
3.37537e-06
3.36273e-06
3.35016e-06
3.33764e-06
3.32518e-06
3.31278e-06
3.3004e-06
3.28811e-06
3.27586e-06
3.26366e-06
3.25152e-06
3.23942e-06
3.22738e-06
3.21539e-06
3.20344e-06
3.19154e-06
3.17971e-06
3.16792e-06
3.15617e-06
3.14449e-06
3.13283e-06
3.12125e-06
3.1097e-06
3.09822e-06
3.08679e-06
3.07538e-06
3.06402e-06
3.05274e-06
3.04149e-06
3.03029e-06
3.01915e-06
3.00805e-06
2.997e-06
2.98599e-06
2.97503e-06
2.96411e-06
2.95324e-06
2.94241e-06
2.93162e-06
2.92087e-06
2.91017e-06
2.89951e-06
2.88891e-06
2.87836e-06
2.86785e-06
2.85739e-06
2.84696e-06
2.83657e-06
2.82625e-06
2.81597e-06
2.8057e-06
2.7955e-06
2.78535e-06
2.77523e-06
2.76515e-06
2.75513e-06
2.74513e-06
2.73518e-06
2.72527e-06
2.71541e-06
2.7056e-06
2.69582e-06
2.68608e-06
2.67638e-06
2.66673e-06
2.65711e-06
2.64754e-06
2.63801e-06
2.62853e-06
2.61905e-06
2.60965e-06
2.60027e-06
2.59093e-06
2.58163e-06
2.57238e-06
2.56316e-06
2.55398e-06
2.54484e-06
2.53572e-06
2.52666e-06
2.51762e-06
2.50863e-06
2.49968e-06
2.49078e-06
2.48189e-06
2.47304e-06
2.46423e-06
2.45546e-06
2.44673e-06
2.43804e-06
2.42939e-06
2.42078e-06
2.4122e-06
2.40364e-06
2.39513e-06
2.38666e-06
2.37822e-06
2.36982e-06
2.36144e-06
2.35311e-06
2.3448e-06
2.33652e-06
2.32829e-06
2.32009e-06
2.31193e-06
2.30379e-06
2.29568e-06
2.28763e-06
2.27961e-06
2.27162e-06
2.26366e-06
2.25573e-06
2.24785e-06
2.23998e-06
2.23214e-06
2.22436e-06
2.2166e-06
2.2089e-06
2.20119e-06
2.19351e-06
2.18589e-06
2.17828e-06
2.17072e-06
2.16317e-06
2.15566e-06
2.14819e-06
2.14075e-06
2.13334e-06
2.12596e-06
2.1186e-06
2.11127e-06
2.10398e-06
2.09673e-06
2.08949e-06
2.08229e-06
2.07512e-06
2.06798e-06
2.06087e-06
2.05378e-06
2.04671e-06
2.03968e-06
2.03269e-06
2.02573e-06
2.01879e-06
2.01189e-06
2.005e-06
1.99816e-06
1.99133e-06
1.98453e-06
1.97776e-06
1.97101e-06
1.9643e-06
1.95761e-06
1.95094e-06
1.94432e-06
1.93771e-06
1.93113e-06
1.92457e-06
1.91804e-06
1.91154e-06
1.90506e-06
1.8986e-06
1.89217e-06
1.88576e-06
1.87939e-06
1.87305e-06
1.86673e-06
1.86043e-06
1.85416e-06
1.84792e-06
1.84169e-06
1.8355e-06
1.82935e-06
1.82321e-06
1.8171e-06
1.81101e-06
1.80494e-06
1.79889e-06
1.79287e-06
1.78687e-06
1.7809e-06
1.77496e-06
1.76905e-06
1.76315e-06
1.75728e-06
1.75146e-06
1.74564e-06
1.73985e-06
1.73408e-06
1.72832e-06
1.72259e-06
1.71688e-06
1.7112e-06
1.70554e-06
1.69991e-06
1.69431e-06
1.68874e-06
1.68318e-06
1.67764e-06
1.67211e-06
1.66661e-06
1.66114e-06
1.65568e-06
1.65025e-06
1.64484e-06
1.63946e-06
1.6341e-06
1.62877e-06
1.62344e-06
1.61815e-06
1.61287e-06
1.60762e-06
1.60238e-06
1.59716e-06
1.59197e-06
1.5868e-06
1.58164e-06
1.5765e-06
1.57138e-06
1.56629e-06
1.56123e-06
1.55616e-06
1.55114e-06
1.54613e-06
1.54114e-06
1.53618e-06
1.53122e-06
1.5263e-06
1.52139e-06
1.5165e-06
1.51165e-06
1.50679e-06
1.50196e-06
1.49714e-06
1.49236e-06
1.48759e-06
1.48284e-06
1.47811e-06
1.47341e-06
1.46871e-06
1.46402e-06
1.45937e-06
1.45473e-06
1.45011e-06
1.4455e-06
1.44091e-06
1.43633e-06
1.4318e-06
1.42728e-06
1.42275e-06
1.41825e-06
1.41378e-06
1.40932e-06
1.40486e-06
1.40044e-06
1.39603e-06
1.39164e-06
1.38727e-06
1.38292e-06
1.37857e-06
1.37426e-06
1.36996e-06
1.36568e-06
1.36141e-06
1.35715e-06
1.35293e-06
1.3487e-06
1.34451e-06
1.34033e-06
1.33617e-06
1.33201e-06
1.32789e-06
1.32378e-06
1.31968e-06
1.3156e-06
1.31153e-06
1.30748e-06
1.30345e-06
1.29944e-06
1.29543e-06
1.29143e-06
1.28745e-06
1.28349e-06
1.27955e-06
1.27562e-06
1.27171e-06
1.26781e-06
1.26393e-06
1.26006e-06
1.25622e-06
1.25239e-06
1.24858e-06
1.24477e-06
1.24098e-06
1.23721e-06
1.23345e-06
1.2297e-06
1.22597e-06
1.22227e-06
1.21858e-06
1.21489e-06
1.21122e-06
1.20755e-06
1.20391e-06
1.20029e-06
1.19667e-06
1.19307e-06
1.18949e-06
1.18591e-06
1.18235e-06
1.1788e-06
1.17528e-06
1.17176e-06
1.16826e-06
1.16478e-06
1.16129e-06
1.15783e-06
1.15439e-06
1.15095e-06
1.14754e-06
1.14414e-06
1.14074e-06
1.13735e-06
1.13398e-06
1.13063e-06
1.12729e-06
1.12396e-06
1.12065e-06
1.11735e-06
1.11407e-06
1.11079e-06
1.10753e-06
1.10428e-06
1.10105e-06
1.09782e-06
1.0946e-06
1.0914e-06
1.08822e-06
1.08505e-06
1.08189e-06
1.07873e-06
1.07559e-06
1.07246e-06
1.06934e-06
1.06624e-06
1.06314e-06
1.06006e-06
1.05698e-06
1.05392e-06
1.05088e-06
1.04784e-06
1.04482e-06
1.04181e-06
1.03881e-06
1.03583e-06
1.03285e-06
1.02988e-06
1.02694e-06
1.02399e-06
1.02107e-06
1.01815e-06
1.01524e-06
1.01235e-06
1.00946e-06
1.00659e-06
1.00372e-06
1.00087e-06
9.9803e-07
9.95191e-07
9.92368e-07
9.8955e-07
9.8676e-07
9.83973e-07
9.81203e-07
9.78435e-07
9.75663e-07
9.72911e-07
9.70175e-07
9.67454e-07
9.64741e-07
9.62028e-07
9.59333e-07
9.56658e-07
9.53989e-07
9.51326e-07
9.48671e-07
9.46025e-07
9.4339e-07
9.40766e-07
9.38159e-07
9.35555e-07
9.32969e-07
9.30391e-07
9.27828e-07
9.25273e-07
9.22713e-07
9.20171e-07
9.17632e-07
9.15107e-07
9.1259e-07
9.10084e-07
9.07593e-07
9.05109e-07
9.02631e-07
9.00163e-07
8.97709e-07
8.95263e-07
8.92814e-07
8.90392e-07
8.8797e-07
8.85561e-07
8.83158e-07
8.80771e-07
8.78393e-07
8.76025e-07
8.73647e-07
8.71292e-07
8.68948e-07
8.66605e-07
8.64287e-07
8.6197e-07
8.59652e-07
8.57339e-07
8.55042e-07
8.52761e-07
8.50484e-07
8.48213e-07
8.45944e-07
8.43686e-07
8.41441e-07
8.39201e-07
8.36961e-07
8.3474e-07
8.32524e-07
8.30323e-07
8.28119e-07
8.25937e-07
8.23751e-07
8.2158e-07
8.1942e-07
8.17265e-07
8.15121e-07
8.1299e-07
8.10853e-07
8.08727e-07
8.06616e-07
8.04507e-07
8.0241e-07
8.00312e-07
7.98225e-07
7.96142e-07
7.94068e-07
7.92011e-07
7.89963e-07
7.87918e-07
7.85874e-07
7.83843e-07
7.81829e-07
7.79824e-07
7.77818e-07
7.75823e-07
7.73829e-07
7.71846e-07
7.69871e-07
7.67891e-07
7.65933e-07
7.63979e-07
7.62029e-07
7.60087e-07
7.58152e-07
7.56228e-07
7.54308e-07
7.52396e-07
7.50494e-07
7.48601e-07
7.46707e-07
7.44825e-07
7.42946e-07
7.41079e-07
7.39215e-07
7.37365e-07
7.35521e-07
7.33671e-07
7.31837e-07
7.30009e-07
7.28182e-07
7.26356e-07
7.2454e-07
7.22725e-07
7.20932e-07
7.19141e-07
7.17362e-07
7.1558e-07
7.13808e-07
7.12049e-07
7.10294e-07
7.08545e-07
7.06803e-07
7.05065e-07
7.03327e-07
7.01588e-07
6.99866e-07
6.98151e-07
6.96446e-07
6.94745e-07
6.9305e-07
6.91363e-07
6.8969e-07
6.88014e-07
6.86348e-07
6.84693e-07
6.83034e-07
6.81386e-07
6.79751e-07
6.7811e-07
6.76477e-07
6.74849e-07
6.73229e-07
6.71615e-07
6.7e-07
6.68392e-07
6.66793e-07
6.65201e-07
6.6361e-07
6.62019e-07
6.60443e-07
6.58873e-07
6.57305e-07
6.55742e-07
6.5419e-07
6.52633e-07
6.51094e-07
6.49549e-07
6.48019e-07
6.4649e-07
6.44968e-07
6.43444e-07
6.41933e-07
6.40434e-07
6.38929e-07
6.3743e-07
6.35934e-07
6.3445e-07
6.32969e-07
6.31486e-07
6.30017e-07
6.28551e-07
6.27087e-07
6.25628e-07
6.24177e-07
6.22728e-07
6.21292e-07
6.19856e-07
6.1843e-07
6.17004e-07
6.15585e-07
6.14173e-07
6.12762e-07
6.11359e-07
6.09961e-07
6.08576e-07
6.07187e-07
6.05805e-07
6.0443e-07
6.03061e-07
6.01689e-07
6.00329e-07
5.98974e-07
5.97617e-07
5.96269e-07
5.9493e-07
5.93591e-07
5.92257e-07
5.90928e-07
5.89608e-07
5.88285e-07
5.86965e-07
5.85655e-07
5.84343e-07
5.83039e-07
5.81748e-07
5.80455e-07
5.79168e-07
5.77891e-07
5.76615e-07
5.75346e-07
5.74077e-07
5.72812e-07
5.71547e-07
5.70287e-07
5.69031e-07
5.67787e-07
5.66545e-07
5.65306e-07
5.64076e-07
5.62845e-07
5.61621e-07
5.60396e-07
5.59185e-07
5.57979e-07
5.56771e-07
5.55571e-07
5.54371e-07
5.53173e-07
5.51977e-07
5.50788e-07
5.49603e-07
5.48428e-07
5.47249e-07
5.46081e-07
5.44912e-07
5.4375e-07
5.42591e-07
5.41443e-07
5.40289e-07
5.39139e-07
5.37987e-07
5.36847e-07
5.35709e-07
5.34576e-07
5.3345e-07
5.32334e-07
5.31209e-07
5.301e-07
5.2899e-07
5.27882e-07
5.26778e-07
5.25688e-07
5.24601e-07
5.23502e-07
5.22412e-07
5.21318e-07
5.20241e-07
5.1916e-07
5.18092e-07
5.17016e-07
5.1595e-07
5.1489e-07
5.13827e-07
5.12763e-07
5.1171e-07
5.1065e-07
5.09601e-07
5.0856e-07
5.07525e-07
5.06493e-07
5.05463e-07
5.04433e-07
5.03412e-07
5.02389e-07
5.01371e-07
5.00365e-07
4.99362e-07
4.98358e-07
4.97354e-07
4.96355e-07
4.95359e-07
4.9437e-07
4.93391e-07
4.92407e-07
4.91424e-07
4.90448e-07
4.89475e-07
4.88511e-07
4.8755e-07
4.86587e-07
4.85621e-07
4.84665e-07
4.83701e-07
4.82747e-07
4.81798e-07
4.8085e-07
4.79909e-07
4.78971e-07
4.7804e-07
4.77111e-07
4.76187e-07
4.75266e-07
4.74342e-07
4.73414e-07
4.72494e-07
4.71582e-07
4.70675e-07
4.69769e-07
4.68864e-07
4.67961e-07
4.67056e-07
4.66166e-07
4.65272e-07
4.6438e-07
4.63495e-07
4.6261e-07
4.61724e-07
4.60844e-07
4.59974e-07
4.59099e-07
4.58227e-07
4.57362e-07
4.56496e-07
4.55632e-07
4.54776e-07
4.53917e-07
4.53065e-07
4.52217e-07
4.5137e-07
4.50523e-07
4.49679e-07
4.48843e-07
4.48013e-07
4.47188e-07
4.46363e-07
4.45537e-07
4.44708e-07
4.43892e-07
4.43075e-07
4.42264e-07
4.41447e-07
4.40644e-07
4.39841e-07
4.39033e-07
4.38232e-07
4.37432e-07
4.36634e-07
4.35834e-07
4.35042e-07
4.34252e-07
4.33471e-07
4.32693e-07
4.3191e-07
4.31134e-07
4.30359e-07
4.29585e-07
4.28812e-07
4.28042e-07
4.2728e-07
4.2652e-07
4.25769e-07
4.25021e-07
4.24266e-07
4.23513e-07
4.22765e-07
4.22021e-07
4.21275e-07
4.20539e-07
4.19806e-07
4.19071e-07
4.18334e-07
4.17602e-07
4.16876e-07
4.16146e-07
4.15425e-07
4.14695e-07
4.13975e-07
4.13254e-07
4.12541e-07
4.1183e-07
4.11121e-07
4.10408e-07
4.09706e-07
4.09005e-07
4.08304e-07
4.07607e-07
4.06906e-07
4.06221e-07
4.05526e-07
4.04834e-07
4.04152e-07
4.03469e-07
4.02792e-07
4.02118e-07
4.01447e-07
4.00774e-07
4.00108e-07
3.99437e-07
3.98769e-07
3.98101e-07
3.97437e-07
3.96774e-07
3.96114e-07
3.95459e-07
3.94805e-07
3.94148e-07
3.935e-07
3.92853e-07
3.92213e-07
3.91565e-07
3.90924e-07
3.90285e-07
3.89644e-07
3.8901e-07
3.88377e-07
3.87748e-07
3.87115e-07
3.86487e-07
3.85861e-07
3.85241e-07
3.84621e-07
3.84002e-07
3.83385e-07
3.82777e-07
3.82161e-07
3.81551e-07
3.80938e-07
3.80328e-07
3.79717e-07
3.79117e-07
3.78514e-07
3.77909e-07
3.77304e-07
3.76704e-07
3.7611e-07
3.75514e-07
3.7492e-07
3.7433e-07
3.73742e-07
3.73161e-07
3.72578e-07
3.71994e-07
3.71415e-07
3.70838e-07
3.70259e-07
3.69678e-07
3.69099e-07
3.68526e-07
3.67956e-07
3.67387e-07
3.66818e-07
3.66248e-07
3.65682e-07
3.65123e-07
3.64566e-07
3.64006e-07
3.63452e-07
3.62889e-07
3.62335e-07
3.61782e-07
3.61233e-07
3.60681e-07
3.60133e-07
3.59587e-07
3.59044e-07
3.585e-07
3.57963e-07
3.5743e-07
3.56888e-07
3.56351e-07
3.55815e-07
3.55282e-07
3.54751e-07
3.5422e-07
3.53688e-07
3.5317e-07
3.52648e-07
3.52122e-07
3.516e-07
3.51083e-07
3.50561e-07
3.5004e-07
3.49528e-07
3.49013e-07
3.48499e-07
3.47992e-07
3.47483e-07
3.46977e-07
3.46469e-07
3.45961e-07
3.45458e-07
3.44955e-07
3.44456e-07
3.43951e-07
3.43454e-07
3.4296e-07
3.42462e-07
3.41975e-07
3.41488e-07
3.40996e-07
3.4051e-07
3.40023e-07
3.39541e-07
3.39064e-07
3.38588e-07
3.38107e-07
3.3763e-07
3.3716e-07
3.36685e-07
3.36212e-07
3.35746e-07
3.35277e-07
3.34806e-07
3.34347e-07
3.33889e-07
3.3343e-07
3.32968e-07
3.32514e-07
3.32058e-07
3.31598e-07
3.31143e-07
3.30694e-07
3.30243e-07
3.2979e-07
3.2934e-07
3.28891e-07
3.28448e-07
3.27998e-07
3.27554e-07
3.27107e-07
3.26668e-07
3.26232e-07
3.25796e-07
3.25354e-07
3.24913e-07
3.24479e-07
3.24042e-07
3.23613e-07
3.23176e-07
3.22743e-07
3.22322e-07
3.21895e-07
3.21468e-07
3.21056e-07
3.2063e-07
3.20213e-07
3.19792e-07
3.19374e-07
3.18954e-07
3.18541e-07
3.18127e-07
3.17714e-07
3.17305e-07
3.169e-07
3.16487e-07
3.16082e-07
3.15674e-07
3.15275e-07
3.14874e-07
3.14471e-07
3.14075e-07
3.13673e-07
3.13269e-07
3.12869e-07
3.12474e-07
3.12074e-07
3.11676e-07
3.11279e-07
3.10887e-07
3.10492e-07
3.10099e-07
3.0971e-07
3.09323e-07
3.08934e-07
3.08552e-07
3.08165e-07
3.07781e-07
3.07401e-07
3.07022e-07
3.06643e-07
3.06267e-07
3.05889e-07
3.05509e-07
3.05129e-07
3.04759e-07
3.04388e-07
3.04014e-07
3.03647e-07
3.03277e-07
3.02907e-07
3.02545e-07
3.02176e-07
3.01816e-07
3.01459e-07
3.01096e-07
3.00733e-07
3.00371e-07
3.00018e-07
2.99657e-07
2.99302e-07
2.98943e-07
2.98588e-07
2.98233e-07
2.97881e-07
2.97529e-07
2.97178e-07
2.96827e-07
2.96481e-07
2.96132e-07
2.95784e-07
2.95435e-07
2.9509e-07
2.94744e-07
2.94397e-07
2.94058e-07
2.93713e-07
2.93375e-07
2.93034e-07
2.92695e-07
2.92361e-07
2.92024e-07
2.91696e-07
2.91362e-07
2.91031e-07
2.907e-07
2.90377e-07
2.90051e-07
2.89721e-07
2.89399e-07
2.89075e-07
2.88755e-07
2.88431e-07
2.88108e-07
2.87786e-07
2.87462e-07
2.87142e-07
2.86825e-07
2.86504e-07
2.86183e-07
2.8587e-07
2.85555e-07
2.85239e-07
2.84923e-07
2.84612e-07
2.843e-07
2.83989e-07
2.83682e-07
2.83373e-07
2.83065e-07
2.82753e-07
2.82449e-07
2.82145e-07
2.81842e-07
2.81541e-07
2.81239e-07
2.80936e-07
2.80639e-07
2.80342e-07
2.80043e-07
2.79747e-07
2.79456e-07
2.79156e-07
2.78859e-07
2.78568e-07
2.78273e-07
2.7798e-07
2.77683e-07
2.77398e-07
2.77106e-07
2.76815e-07
2.76527e-07
2.76242e-07
2.75954e-07
2.75671e-07
2.75386e-07
2.75103e-07
2.74821e-07
2.74537e-07
2.74258e-07
2.73983e-07
2.73705e-07
2.73427e-07
2.73153e-07
2.72871e-07
2.72592e-07
2.72315e-07
2.72044e-07
2.71774e-07
2.71502e-07
2.71232e-07
2.70966e-07
2.70698e-07
2.70428e-07
2.70158e-07
2.69897e-07
2.69638e-07
2.69375e-07
2.69115e-07
2.68857e-07
2.68598e-07
2.68339e-07
2.68075e-07
2.67813e-07
2.6755e-07
2.67293e-07
2.67034e-07
2.66778e-07
2.66519e-07
2.66269e-07
2.66013e-07
2.65759e-07
2.65504e-07
2.65252e-07
2.64998e-07
2.6474e-07
2.64487e-07
2.64236e-07
2.63985e-07
2.63732e-07
2.63475e-07
2.63228e-07
2.62977e-07
2.62728e-07
2.6248e-07
2.62229e-07
2.61981e-07
2.61732e-07
2.61484e-07
2.61236e-07
2.60991e-07
2.60746e-07
2.60505e-07
2.60267e-07
2.60028e-07
2.59785e-07
2.59543e-07
2.59306e-07
2.59064e-07
2.5883e-07
2.58587e-07
2.58351e-07
2.58113e-07
2.57879e-07
2.57647e-07
2.57416e-07
2.57183e-07
2.5695e-07
2.56714e-07
2.56483e-07
2.56252e-07
2.56023e-07
2.55793e-07
2.55564e-07
2.55335e-07
2.55114e-07
2.54891e-07
2.54667e-07
2.54439e-07
2.54212e-07
2.53992e-07
2.53764e-07
2.5354e-07
2.53323e-07
2.53103e-07
2.52883e-07
2.52663e-07
2.52443e-07
2.52223e-07
2.52005e-07
2.51786e-07
2.5157e-07
2.51356e-07
2.51143e-07
2.50927e-07
2.50712e-07
2.50499e-07
2.50286e-07
2.50071e-07
2.49863e-07
2.49648e-07
2.49441e-07
