0.641145
0.62261
0.604818
0.58773
0.571304
0.555504
0.540296
0.525648
0.511533
0.497923
0.484792
0.472119
0.45988
0.448057
0.436629
0.42558
0.414892
0.40455
0.394539
0.384844
0.375453
0.366353
0.357532
0.348979
0.340683
0.332634
0.324823
0.317239
0.309876
0.302724
0.295775
0.289022
0.282458
0.276076
0.26987
0.263833
0.257959
0.252242
0.246678
0.241261
0.235986
0.230848
0.225843
0.220966
0.216214
0.211581
0.207065
0.202662
0.198367
0.194179
0.190092
0.186105
0.182215
0.178417
0.17471
0.171091
0.167557
0.164106
0.160736
0.157443
0.154227
0.151084
0.148013
0.145011
0.142077
0.13921
0.136406
0.133665
0.130984
0.128363
0.125799
0.123291
0.120837
0.118437
0.116089
0.113791
0.111542
0.109341
0.107188
0.105079
0.103015
0.100995
0.099017
0.0970802
0.0951837
0.0933269
0.0915083
0.0897273
0.0879829
0.0862744
0.0846009
0.0829614
0.0813552
0.0797818
0.0782403
0.0767299
0.0752498
0.0737997
0.0723787
0.070986
0.0696212
0.0682837
0.0669728
0.065688
0.0644285
0.0631941
0.0619841
0.0607979
0.0596351
0.0584952
0.0573777
0.0562821
0.055208
0.0541547
0.0531222
0.0521097
0.051117
0.0501436
0.0491891
0.0482532
0.0473353
0.0464353
0.0455526
0.0446871
0.0438382
0.0430058
0.0421893
0.0413886
0.0406033
0.0398331
0.0390777
0.0383367
0.0376101
0.0368973
0.0361982
0.0355124
0.0348399
0.0341801
0.033533
0.0328982
0.0322755
0.0316647
0.0310656
0.0304779
0.0299014
0.0293359
0.028781
0.0282368
0.027703
0.0271792
0.0266655
0.0261615
0.025667
0.025182
0.0247061
0.0242393
0.0237814
0.0233321
0.0228914
0.022459
0.0220348
0.0216186
0.0212103
0.0208098
0.0204168
0.0200313
0.0196531
0.019282
0.018918
0.0185608
0.0182105
0.0178667
0.0175294
0.0171986
0.0168739
0.0165554
0.016243
0.0159364
0.0156356
0.0153406
0.0150511
0.014767
0.0144884
0.014215
0.0139468
0.0136836
0.0134254
0.0131721
0.0129236
0.0126797
0.0124405
0.0122058
0.0119755
0.0117496
0.011528
0.0113105
0.0110971
0.0108878
0.0106824
0.0104809
0.0102833
0.0100893
0.009899
0.00971229
0.00952913
0.00934941
0.0091731
0.0090001
0.00883039
0.00866388
0.00850051
0.00834023
0.00818297
0.00802869
0.00787731
0.0077288
0.0075831
0.00744014
0.00729988
0.00716228
0.00702727
0.00689483
0.00676487
0.00663738
0.00651229
0.00638956
0.00626916
0.00615102
0.00603512
0.00592142
0.00580985
0.00570039
0.00559301
0.00548765
0.00538428
0.00528286
0.00518337
0.00508575
0.00498998
0.00489601
0.00480383
0.00471338
0.00462463
0.00453758
0.00445216
0.00436836
0.00428614
0.00420548
0.00412633
0.00404869
0.00397251
0.00389777
0.00382445
0.0037525
0.00368192
0.00361268
0.00354473
0.00347808
0.00341268
0.00334852
0.00328557
0.00322381
0.00316322
0.00310378
0.00304545
0.00298823
0.00293209
0.00287701
0.00282296
0.00276994
0.00271793
0.0026669
0.00261683
0.0025677
0.0025195
0.00247221
0.00242582
0.00238031
0.00233565
0.00229183
0.00224885
0.00220668
0.0021653
0.0021247
0.00208487
0.0020458
0.00200745
0.00196984
0.00193293
0.00189673
0.0018612
0.00182635
0.00179215
0.0017586
0.00172568
0.00169339
0.0016617
0.00163061
0.00160011
0.00157018
0.00154082
0.00151202
0.00148375
0.00145602
0.00142881
0.00140212
0.00137593
0.00135023
0.00132502
0.00130028
0.00127601
0.0012522
0.00122884
0.00120591
0.00118342
0.00116136
0.00113971
0.00111846
0.00109762
0.00107717
0.00105711
0.00103742
0.00101811
0.000999155
0.00098056
0.000962317
0.000944416
0.000926853
0.000909621
0.000892713
0.000876123
0.000859846
0.000843874
0.000828203
0.000812828
0.000797742
0.000782939
0.000768415
0.000754164
0.000740181
0.000726461
0.000713
0.000699791
0.000686831
0.000674114
0.000661636
0.000649393
0.00063738
0.000625592
0.000614026
0.000602677
0.000591542
0.000580615
0.000569894
0.000559374
0.00054905
0.000538922
0.000528983
0.000519231
0.000509661
0.000500272
0.000491058
0.000482017
0.000473145
0.00046444
0.000455897
0.000447516
0.000439291
0.00043122
0.0004233
0.000415528
0.000407903
0.000400419
0.000393076
0.00038587
0.0003788
0.000371861
0.000365053
0.000358371
0.000351815
0.000345381
0.000339067
0.000332871
0.000326791
0.000320825
0.00031497
0.000309224
0.000303586
0.000298053
0.000292623
0.000287294
0.000282065
0.000276933
0.000271898
0.000266955
0.000262105
0.000257346
0.000252675
0.00024809
0.000243592
0.000239177
0.000234844
0.000230592
0.000226419
0.000222323
0.000218304
0.00021436
0.000210488
0.000206689
0.000202961
0.000199301
0.000195709
0.000192185
0.000188725
0.00018533
0.000181998
0.000178727
0.000175518
0.000172367
0.000169275
0.00016624
0.000163262
0.000160338
0.000157469
0.000154653
0.000151889
0.000149176
0.000146513
0.000143899
0.000141334
0.000138816
0.000136344
0.000133918
0.000131537
0.0001292
0.000126906
0.000124654
0.000122443
0.000120274
0.000118144
0.000116054
0.000114002
0.000111987
0.00011001
0.000108069
0.000106164
0.000104293
0.000102457
0.000100655
9.88861e-05
9.71495e-05
9.54447e-05
9.3771e-05
9.21281e-05
9.05152e-05
8.8932e-05
8.73776e-05
8.58517e-05
8.43537e-05
8.28833e-05
8.14394e-05
8.0022e-05
7.86304e-05
7.72644e-05
7.59232e-05
7.46065e-05
7.33138e-05
7.20446e-05
7.07984e-05
6.95753e-05
6.83741e-05
6.71948e-05
6.6037e-05
6.49002e-05
6.37842e-05
6.26883e-05
6.16124e-05
6.05559e-05
5.95186e-05
5.85001e-05
5.75001e-05
5.65182e-05
5.5554e-05
5.46072e-05
5.36776e-05
5.27647e-05
5.18684e-05
5.09882e-05
5.01239e-05
4.92752e-05
4.84418e-05
4.76235e-05
4.68199e-05
4.60307e-05
4.52557e-05
4.44946e-05
4.37472e-05
4.30133e-05
4.22925e-05
4.15847e-05
4.08895e-05
4.02067e-05
3.95362e-05
3.88777e-05
3.82311e-05
3.75959e-05
3.69721e-05
3.63593e-05
3.57577e-05
3.51667e-05
3.45862e-05
3.40161e-05
3.34562e-05
3.29061e-05
3.23658e-05
3.18351e-05
3.1314e-05
3.0802e-05
3.02991e-05
2.98051e-05
2.932e-05
2.88434e-05
2.83751e-05
2.79152e-05
2.74634e-05
2.70196e-05
2.65835e-05
2.61552e-05
2.57345e-05
2.53211e-05
2.4915e-05
2.45161e-05
2.41241e-05
2.37391e-05
2.33608e-05
2.29891e-05
2.2624e-05
2.22652e-05
2.19127e-05
2.15664e-05
2.12261e-05
2.08918e-05
2.05633e-05
2.02405e-05
1.99233e-05
1.96117e-05
1.93055e-05
1.90046e-05
1.87089e-05
1.84184e-05
1.81329e-05
1.78523e-05
1.75766e-05
1.73056e-05
1.70393e-05
1.67776e-05
1.65205e-05
1.62677e-05
1.60193e-05
1.57752e-05
1.55353e-05
1.52995e-05
1.50677e-05
1.48399e-05
1.4616e-05
1.4396e-05
1.41797e-05
1.39671e-05
1.37581e-05
1.35527e-05
1.33508e-05
1.31523e-05
1.29572e-05
1.27654e-05
1.25769e-05
1.23915e-05
1.22093e-05
1.20302e-05
1.18541e-05
1.1681e-05
1.15108e-05
1.13435e-05
1.1179e-05
1.10172e-05
1.08582e-05
1.07018e-05
1.05481e-05
1.0397e-05
1.02483e-05
1.01022e-05
9.95844e-06
9.81716e-06
9.6782e-06
9.54157e-06
9.4072e-06
9.27507e-06
9.14511e-06
9.01734e-06
8.89166e-06
8.76807e-06
8.64652e-06
8.52697e-06
8.40938e-06
8.29375e-06
8.18003e-06
8.06817e-06
7.95815e-06
7.84993e-06
7.74347e-06
7.63875e-06
7.53577e-06
7.43444e-06
7.33478e-06
7.23674e-06
7.14029e-06
7.0454e-06
6.95204e-06
6.8602e-06
6.76984e-06
6.68095e-06
6.59349e-06
6.50745e-06
6.42279e-06
6.33948e-06
6.25753e-06
6.17688e-06
6.09751e-06
6.01943e-06
5.94263e-06
5.86703e-06
5.79263e-06
5.71943e-06
5.64739e-06
5.57649e-06
5.5067e-06
5.43801e-06
5.37042e-06
5.3039e-06
5.23843e-06
5.174e-06
5.11058e-06
5.04815e-06
4.98668e-06
4.9262e-06
4.86668e-06
4.80807e-06
4.75039e-06
4.69358e-06
4.63766e-06
4.58261e-06
4.52842e-06
4.47506e-06
4.42255e-06
4.37083e-06
4.31991e-06
4.26976e-06
4.2204e-06
4.17179e-06
4.12395e-06
4.07684e-06
4.03047e-06
3.98477e-06
3.93977e-06
3.89548e-06
3.85184e-06
3.80888e-06
3.76657e-06
3.72487e-06
3.68384e-06
3.64342e-06
3.60361e-06
3.5644e-06
3.52577e-06
3.48771e-06
3.45022e-06
3.41331e-06
3.37694e-06
3.34112e-06
3.30584e-06
3.27108e-06
3.23683e-06
3.20308e-06
3.16984e-06
3.13707e-06
3.1048e-06
3.07302e-06
3.04169e-06
3.01083e-06
2.98043e-06
2.95047e-06
2.92094e-06
2.89185e-06
2.86317e-06
2.83492e-06
2.80709e-06
2.77964e-06
2.7526e-06
2.72595e-06
2.69967e-06
2.67378e-06
2.64826e-06
2.62312e-06
2.59834e-06
2.57391e-06
2.54983e-06
2.52609e-06
2.50268e-06
2.47962e-06
2.45688e-06
2.43447e-06
2.41238e-06
2.3906e-06
2.36912e-06
2.34795e-06
2.32705e-06
2.30648e-06
2.28619e-06
2.26618e-06
2.24643e-06
2.22698e-06
2.20779e-06
2.18887e-06
2.17022e-06
2.15182e-06
2.13367e-06
2.11577e-06
2.09813e-06
2.08073e-06
2.06357e-06
2.04664e-06
2.02995e-06
2.01348e-06
1.99724e-06
1.98122e-06
1.96543e-06
1.94985e-06
1.93448e-06
1.91931e-06
1.90436e-06
1.88962e-06
1.87506e-06
1.8607e-06
1.84653e-06
1.83255e-06
1.81877e-06
1.80517e-06
1.79174e-06
1.77849e-06
1.76543e-06
1.75254e-06
1.73981e-06
1.72726e-06
1.71486e-06
1.70263e-06
1.69056e-06
1.67866e-06
1.66691e-06
1.65533e-06
1.64388e-06
1.63259e-06
1.62145e-06
1.61045e-06
1.59958e-06
1.58886e-06
1.57827e-06
1.56783e-06
1.55752e-06
1.54735e-06
1.5373e-06
1.52738e-06
1.5176e-06
1.50793e-06
1.4984e-06
1.48899e-06
1.47969e-06
1.47051e-06
1.46144e-06
1.4525e-06
1.44367e-06
1.43495e-06
1.42635e-06
1.41785e-06
1.40946e-06
1.40117e-06
1.39298e-06
1.38491e-06
1.37693e-06
1.36906e-06
1.36127e-06
1.35358e-06
1.346e-06
1.33851e-06
1.3311e-06
1.32379e-06
1.31657e-06
1.30945e-06
1.3024e-06
1.29545e-06
1.28858e-06
1.28179e-06
1.27509e-06
1.26846e-06
1.26192e-06
1.25546e-06
1.24907e-06
1.24276e-06
1.23653e-06
1.23039e-06
1.22432e-06
1.21832e-06
1.21239e-06
1.20654e-06
1.20076e-06
1.19505e-06
1.18939e-06
1.18382e-06
1.17829e-06
1.17282e-06
1.16745e-06
1.16213e-06
1.15687e-06
1.15168e-06
1.14654e-06
1.14147e-06
1.13645e-06
1.13149e-06
1.1266e-06
1.12177e-06
1.11698e-06
1.11225e-06
1.10759e-06
1.10297e-06
1.09841e-06
1.0939e-06
1.08944e-06
1.08504e-06
1.08069e-06
1.07639e-06
1.07213e-06
1.06793e-06
1.06378e-06
1.05967e-06
1.05561e-06
1.0516e-06
1.04764e-06
1.04373e-06
1.03986e-06
1.03603e-06
1.03224e-06
1.02851e-06
1.02481e-06
1.02115e-06
1.01752e-06
1.01394e-06
1.01043e-06
1.00693e-06
1.00349e-06
1.00007e-06
9.96694e-07
9.93343e-07
9.90039e-07
9.86775e-07
9.83542e-07
9.80352e-07
9.77203e-07
9.74081e-07
9.71001e-07
9.67955e-07
9.6494e-07
9.61955e-07
9.59007e-07
9.56098e-07
9.53215e-07
9.50363e-07
9.47549e-07
9.44766e-07
9.42007e-07
9.39281e-07
9.36596e-07
9.33927e-07
9.31296e-07
9.28697e-07
9.26112e-07
9.23577e-07
9.21068e-07
9.18575e-07
9.16101e-07
9.13657e-07
9.11245e-07
9.0886e-07
9.06498e-07
9.04162e-07
9.01855e-07
8.99576e-07
8.97326e-07
8.9509e-07
8.92877e-07
8.90677e-07
8.88508e-07
8.86367e-07
8.84245e-07
8.82149e-07
8.80079e-07
8.78029e-07
8.75997e-07
8.73994e-07
8.72013e-07
8.70056e-07
8.68116e-07
8.66198e-07
8.64305e-07
8.62434e-07
8.60576e-07
8.58744e-07
8.56928e-07
8.5513e-07
8.53347e-07
8.51586e-07
8.4984e-07
8.48119e-07
8.46415e-07
8.44729e-07
8.43054e-07
8.41407e-07
8.39769e-07
8.38158e-07
8.36557e-07
8.34978e-07
8.33414e-07
8.31856e-07
8.30323e-07
8.28808e-07
8.27302e-07
8.25814e-07
8.24344e-07
8.22905e-07
8.21467e-07
8.20049e-07
8.18635e-07
8.17245e-07
8.15861e-07
8.14493e-07
8.13153e-07
8.11818e-07
8.10494e-07
8.0919e-07
8.079e-07
8.0662e-07
8.05354e-07
8.04102e-07
8.02859e-07
8.01633e-07
8.00414e-07
7.9921e-07
7.9802e-07
7.96845e-07
7.95681e-07
7.94527e-07
7.93383e-07
7.92258e-07
7.91138e-07
7.90027e-07
7.88933e-07
7.87844e-07
7.86767e-07
7.85714e-07
7.84655e-07
7.83627e-07
7.82603e-07
7.81584e-07
7.80572e-07
7.79584e-07
7.78592e-07
7.77616e-07
7.76653e-07
7.7569e-07
7.74742e-07
7.73802e-07
7.72871e-07
7.71959e-07
7.71051e-07
7.70152e-07
7.69267e-07
7.68386e-07
7.67524e-07
7.66658e-07
7.65795e-07
7.64949e-07
7.6412e-07
7.63289e-07
7.62474e-07
7.61659e-07
7.60861e-07
7.60062e-07
7.59275e-07
7.58492e-07
7.57715e-07
7.56948e-07
7.5619e-07
7.55438e-07
7.54703e-07
7.53966e-07
7.53237e-07
7.52517e-07
7.51805e-07
7.51096e-07
7.50405e-07
7.49713e-07
7.49026e-07
7.48344e-07
7.47674e-07
7.47007e-07
7.46347e-07
7.45695e-07
7.45055e-07
7.44417e-07
7.43785e-07
7.43149e-07
7.4254e-07
7.41927e-07
7.4133e-07
7.40734e-07
7.40137e-07
7.39552e-07
7.38966e-07
7.38392e-07
7.3782e-07
7.37262e-07
7.36706e-07
7.36151e-07
7.35603e-07
7.35068e-07
7.34531e-07
7.33991e-07
7.33464e-07
7.32944e-07
7.32422e-07
7.31907e-07
7.31399e-07
7.30895e-07
7.30403e-07
7.29911e-07
7.29428e-07
7.28952e-07
7.28482e-07
7.2801e-07
7.27554e-07
7.27102e-07
7.26645e-07
7.262e-07
7.25748e-07
7.25307e-07
7.2487e-07
7.24432e-07
7.24001e-07
7.23574e-07
7.23154e-07
7.22735e-07
7.22322e-07
7.21909e-07
7.21505e-07
7.21102e-07
7.20707e-07
7.20321e-07
7.19936e-07
7.1955e-07
7.19168e-07
7.18785e-07
7.18403e-07
7.18027e-07
7.17661e-07
7.17289e-07
7.16928e-07
7.16572e-07
7.1621e-07
7.15855e-07
7.15506e-07
7.15165e-07
7.14824e-07
7.14494e-07
7.1416e-07
7.13824e-07
7.13501e-07
7.13174e-07
7.12849e-07
7.12529e-07
7.12216e-07
7.11907e-07
7.11596e-07
7.11287e-07
7.10984e-07
7.10688e-07
7.10394e-07
7.101e-07
7.09809e-07
7.09521e-07
7.09231e-07
7.08955e-07
7.08667e-07
7.08391e-07
7.08128e-07
7.07854e-07
7.07584e-07
7.07318e-07
7.07058e-07
7.06791e-07
7.06531e-07
7.06275e-07
7.06018e-07
7.05764e-07
7.05508e-07
7.05261e-07
7.05021e-07
7.04782e-07
7.04546e-07
7.04308e-07
7.04067e-07
7.03835e-07
7.03604e-07
7.03379e-07
7.03161e-07
7.02937e-07
7.02726e-07
7.02508e-07
7.02292e-07
7.02084e-07
7.01872e-07
7.01663e-07
7.01452e-07
7.01248e-07
7.01045e-07
7.00836e-07
7.00638e-07
7.00437e-07
7.00235e-07
7.00036e-07
6.99842e-07
6.99645e-07
6.99459e-07
6.99273e-07
6.99088e-07
6.98898e-07
6.98717e-07
6.98536e-07
6.98361e-07
6.9819e-07
6.98013e-07
6.97842e-07
6.97675e-07
6.97503e-07
6.97341e-07
6.97175e-07
6.97016e-07
6.96854e-07
6.96698e-07
6.9654e-07
6.96387e-07
6.96232e-07
6.96077e-07
6.95929e-07
6.9578e-07
6.95627e-07
6.95483e-07
6.95341e-07
6.95191e-07
6.95045e-07
6.94908e-07
6.94774e-07
6.9464e-07
6.94505e-07
6.94359e-07
6.94224e-07
6.94101e-07
6.9398e-07
6.93841e-07
6.93714e-07
6.93586e-07
6.93472e-07
6.9334e-07
6.93224e-07
6.93113e-07
6.92997e-07
6.92876e-07
6.92763e-07
6.92652e-07
6.92539e-07
6.92426e-07
6.92323e-07
6.9222e-07
6.92115e-07
6.92013e-07
6.91914e-07
6.91802e-07
6.91703e-07
6.91611e-07
6.91513e-07
6.91405e-07
6.91308e-07
6.91209e-07
6.91113e-07
6.91015e-07
6.90921e-07
6.90821e-07
6.90728e-07
6.90634e-07
6.90541e-07
6.90446e-07
6.90351e-07
6.90264e-07
6.90176e-07
6.90092e-07
6.90013e-07
6.89915e-07
6.89828e-07
6.89747e-07
6.89666e-07
6.8959e-07
6.89506e-07
6.89421e-07
6.89342e-07
6.89268e-07
6.89195e-07
6.89119e-07
6.89041e-07
6.88973e-07
6.88905e-07
6.88831e-07
6.88764e-07
6.88702e-07
6.88632e-07
6.88574e-07
6.88516e-07
6.88456e-07
6.88393e-07
6.88319e-07
6.88252e-07
6.8818e-07
6.8811e-07
6.88045e-07
6.87977e-07
6.87911e-07
6.87855e-07
6.87806e-07
6.87753e-07
6.87692e-07
6.87631e-07
6.8757e-07
6.87516e-07
6.87458e-07
6.87405e-07
6.87361e-07
6.87309e-07
6.87251e-07
6.87201e-07
6.87153e-07
6.87096e-07
6.87033e-07
6.86976e-07
6.86923e-07
6.86868e-07
6.8682e-07
6.86767e-07
6.86712e-07
6.86664e-07
6.86616e-07
6.86564e-07
6.86517e-07
6.86474e-07
6.86421e-07
6.8637e-07
6.86326e-07
6.86286e-07
6.86236e-07
6.86183e-07
6.86131e-07
6.8609e-07
6.86049e-07
6.86009e-07
6.85975e-07
6.85936e-07
6.85907e-07
6.85882e-07
6.85849e-07
6.85819e-07
6.85786e-07
6.85751e-07
6.85715e-07
6.8568e-07
6.85645e-07
6.85613e-07
6.85581e-07
6.85554e-07
6.85531e-07
6.85503e-07
6.8548e-07
6.85456e-07
6.85438e-07
6.85416e-07
6.85395e-07
6.8537e-07
6.85337e-07
6.85313e-07
6.85289e-07
6.85266e-07
6.85247e-07
6.85231e-07
6.85215e-07
6.85183e-07
6.85155e-07
6.85133e-07
6.85119e-07
6.851e-07
6.85073e-07
6.8504e-07
6.85001e-07
6.84973e-07
6.84943e-07
6.84919e-07
6.84898e-07
6.84875e-07
6.84858e-07
6.84831e-07
6.84809e-07
6.84793e-07
6.8477e-07
6.84747e-07
6.84727e-07
6.84707e-07
6.84687e-07
6.84675e-07
6.84668e-07
6.84659e-07
6.84654e-07
6.84642e-07
6.84629e-07
6.8461e-07
6.8459e-07
6.84572e-07
6.84556e-07
6.84544e-07
6.84537e-07
6.84529e-07
6.84522e-07
6.84512e-07
6.84505e-07
6.84497e-07
6.84486e-07
6.84477e-07
6.84462e-07
6.84449e-07
6.84438e-07
6.84427e-07
6.84417e-07
6.84406e-07
6.84399e-07
6.84392e-07
6.84385e-07
6.8438e-07
6.84376e-07
6.8437e-07
6.84367e-07
6.84364e-07
6.84361e-07
6.84359e-07
6.84356e-07
6.84351e-07
6.84348e-07
6.84342e-07
6.84334e-07
6.84326e-07
6.8432e-07
6.8431e-07
6.84296e-07
6.84284e-07
6.84274e-07
6.84266e-07
6.84255e-07
6.84246e-07
6.84237e-07
6.84228e-07
6.84222e-07
6.84214e-07
6.84203e-07
6.84195e-07
6.84191e-07
6.84186e-07
6.84183e-07
6.84179e-07
6.84176e-07
6.84173e-07
6.84166e-07
6.8416e-07
6.84153e-07
6.84148e-07
6.84145e-07
6.84141e-07
6.84139e-07
6.84136e-07
6.84135e-07
6.84131e-07
6.84128e-07
6.84125e-07
6.84121e-07
6.84117e-07
6.84112e-07
6.84105e-07
6.84101e-07
6.84097e-07
6.84095e-07
6.84093e-07
6.84091e-07
6.8409e-07
6.84088e-07
6.84087e-07
6.84086e-07
6.84085e-07
6.84084e-07
6.84083e-07
6.84082e-07
6.84081e-07
6.84081e-07
6.8408e-07
6.84079e-07
6.84078e-07
6.84078e-07
6.84077e-07
6.84077e-07
6.84076e-07
6.84076e-07
6.84076e-07
6.84076e-07
6.84075e-07
6.84075e-07
6.84075e-07
6.84075e-07
6.84075e-07
6.84075e-07
6.84075e-07
6.84074e-07
6.84074e-07
6.84074e-07
6.84074e-07
6.84074e-07
6.84074e-07
6.84074e-07
6.84074e-07
6.84074e-07
6.84074e-07
6.84074e-07
6.84074e-07
6.84074e-07
6.84074e-07
6.84074e-07
6.84074e-07
6.84074e-07
6.84074e-07
6.84074e-07
6.84074e-07
6.84074e-07
6.84074e-07
6.84074e-07
6.84074e-07
6.84074e-07
6.84074e-07
6.84074e-07
6.84074e-07
6.84074e-07
6.84074e-07
6.84074e-07
6.84074e-07
6.84074e-07
6.84074e-07
6.84074e-07
6.84074e-07
6.84074e-07
6.84074e-07
6.84074e-07
6.84074e-07
6.84074e-07
6.84074e-07
6.84074e-07
6.84074e-07
6.84074e-07
6.84074e-07
6.84074e-07
6.84074e-07
6.84074e-07
6.84074e-07
6.84074e-07
6.84074e-07
6.84074e-07
6.84074e-07
6.84074e-07
6.84074e-07
6.84074e-07
6.84074e-07
6.84074e-07
6.84074e-07
6.84074e-07
6.84074e-07
6.84074e-07
6.84074e-07
6.84074e-07
6.84074e-07
6.84074e-07
6.84074e-07
6.84074e-07
6.84074e-07
6.84074e-07
6.84074e-07
6.84074e-07
6.84074e-07
6.84074e-07
6.84074e-07
6.84074e-07
6.84074e-07
6.84074e-07
6.84074e-07
6.84074e-07
6.84074e-07
6.84074e-07
6.84074e-07
6.84074e-07
6.84074e-07
6.84074e-07
6.84074e-07
6.84074e-07
6.84074e-07
6.84074e-07
6.84074e-07
6.84074e-07
6.84074e-07
6.84074e-07
6.84074e-07
6.84074e-07
6.84074e-07
6.84074e-07
6.84074e-07
6.84074e-07
6.84074e-07
6.84074e-07
6.84074e-07
6.84074e-07
6.84074e-07
6.84074e-07
6.84074e-07
6.84074e-07
6.84074e-07
6.84074e-07
6.84074e-07
6.84074e-07
6.84074e-07
6.84074e-07
6.84074e-07
6.84074e-07
6.84074e-07
6.84074e-07
6.84074e-07
6.84074e-07
6.84074e-07
6.84074e-07
6.84074e-07
6.84074e-07
6.84074e-07
6.84074e-07
6.84074e-07
6.84074e-07
6.84074e-07
6.84074e-07
6.84074e-07
6.84074e-07
6.84074e-07
6.84074e-07
6.84074e-07
6.84074e-07
6.84074e-07
6.84074e-07
6.84074e-07
6.84074e-07
6.84074e-07
6.84074e-07
6.84074e-07
6.84074e-07
6.84074e-07
6.84074e-07
6.84074e-07
6.84074e-07
6.84074e-07
6.84074e-07
6.84074e-07
6.84074e-07
6.84074e-07
6.84074e-07
6.84074e-07
6.84074e-07
6.84074e-07
6.84074e-07
6.84074e-07
6.84074e-07
6.84074e-07
6.84074e-07
6.84074e-07
6.84074e-07
6.84074e-07
6.84074e-07
6.84074e-07
6.84074e-07
6.84074e-07
6.84074e-07
6.84074e-07
6.84074e-07
6.84074e-07
6.84074e-07
6.84074e-07
6.84074e-07
6.84074e-07
6.84074e-07
6.84074e-07
6.84074e-07
6.84074e-07
6.84074e-07
6.84074e-07
6.84074e-07
6.84074e-07
6.84074e-07
6.84074e-07
6.84074e-07
6.84074e-07
6.84074e-07
6.84074e-07
6.84074e-07
6.84074e-07
6.84074e-07
6.84074e-07
6.84074e-07
6.84074e-07
6.84074e-07
6.84074e-07
6.84074e-07
6.84074e-07
6.84074e-07
6.84074e-07
6.84074e-07
6.84074e-07
6.84074e-07
6.84074e-07
6.84074e-07
6.84074e-07
6.84074e-07
6.84074e-07
6.84074e-07
6.84074e-07
6.84074e-07
6.84074e-07
6.84074e-07
6.84074e-07
6.84074e-07
6.84074e-07
6.84074e-07
6.84074e-07
6.84074e-07
6.84074e-07
6.84074e-07
6.84074e-07
6.84074e-07
6.84074e-07
6.84074e-07
6.84074e-07
6.84074e-07
6.84074e-07
6.84074e-07
6.84074e-07
6.84074e-07
6.84074e-07
6.84074e-07
6.84074e-07
6.84074e-07
6.84074e-07
6.84074e-07
6.84074e-07
6.84074e-07
6.84074e-07
6.84074e-07
6.84074e-07
6.84074e-07
6.84074e-07
6.84074e-07
6.84074e-07
6.84074e-07
6.84074e-07
6.84074e-07
6.84074e-07
6.84074e-07
6.84074e-07
6.84074e-07
6.84074e-07
6.84074e-07
6.84074e-07
6.84074e-07
6.84074e-07
6.84074e-07
6.84074e-07
6.84074e-07
6.84074e-07
6.84074e-07
6.84074e-07
6.84074e-07
6.84074e-07
6.84074e-07
6.84074e-07
6.84074e-07
6.84074e-07
6.84074e-07
6.84074e-07
6.84074e-07
6.84074e-07
6.84074e-07
6.84074e-07
6.84074e-07
6.84074e-07
6.84074e-07
6.84074e-07
6.84074e-07
6.84074e-07
6.84074e-07
6.84074e-07
6.84074e-07
6.84074e-07
6.84074e-07
6.84074e-07
6.84074e-07
6.84074e-07
6.84074e-07
6.84074e-07
6.84074e-07
6.84074e-07
6.84074e-07
6.84074e-07
6.84074e-07
6.84074e-07
6.84074e-07
6.84074e-07
6.84074e-07
6.84074e-07
6.84074e-07
6.84074e-07
6.84074e-07
6.84074e-07
6.84074e-07
6.84074e-07
6.84074e-07
6.84074e-07
6.84074e-07
6.84074e-07
6.84074e-07
6.84074e-07
6.84074e-07
6.84074e-07
6.84074e-07
6.84074e-07
6.84074e-07
6.84074e-07
6.84074e-07
6.84074e-07
6.84074e-07
6.84074e-07
6.84074e-07
6.84074e-07
6.84074e-07
6.84074e-07
6.84074e-07
6.84074e-07
6.84074e-07
6.84074e-07
6.84074e-07
6.84074e-07
6.84074e-07
6.84074e-07
6.84074e-07
6.84074e-07
6.84074e-07
6.84074e-07
6.84074e-07
6.84074e-07
6.84074e-07
6.84074e-07
6.84074e-07
6.84074e-07
6.84074e-07
6.84074e-07
6.84074e-07
6.84074e-07
6.84074e-07
6.84074e-07
6.84074e-07
6.84074e-07
6.84074e-07
6.84074e-07
6.84074e-07
6.84074e-07
6.84074e-07
6.84074e-07
6.84074e-07
6.84074e-07
6.84074e-07
6.84074e-07
6.84074e-07
6.84074e-07
6.84074e-07
6.84074e-07
6.84074e-07
6.84074e-07
6.84074e-07
6.84074e-07
6.84074e-07
6.84074e-07
6.84074e-07
6.84074e-07
6.84074e-07
6.84074e-07
6.84074e-07
6.84074e-07
6.84074e-07
6.84074e-07
6.84074e-07
6.84074e-07
6.84074e-07
6.84074e-07
6.84074e-07
6.84074e-07
6.84074e-07
6.84074e-07
6.84074e-07
6.84074e-07
6.84074e-07
6.84074e-07
6.84074e-07
6.84074e-07
6.84074e-07
6.84074e-07
6.84074e-07
6.84074e-07
6.84074e-07
6.84074e-07
6.84074e-07
6.84074e-07
6.84074e-07
6.84074e-07
6.84074e-07
6.84074e-07
6.84074e-07
6.84074e-07
6.84074e-07
6.84074e-07
6.84074e-07
6.84074e-07
6.84074e-07
6.84074e-07
6.84074e-07
6.84074e-07
6.84074e-07
6.84074e-07
6.84074e-07
6.84074e-07
6.84074e-07
6.84074e-07
6.84074e-07
6.84074e-07
6.84074e-07
6.84074e-07
6.84074e-07
6.84074e-07
6.84074e-07
6.84074e-07
6.84074e-07
6.84074e-07
6.84074e-07
6.84074e-07
6.84074e-07
6.84074e-07
6.84074e-07
6.84074e-07
6.84074e-07
6.84074e-07
6.84074e-07
6.84074e-07
6.84074e-07
6.84074e-07
6.84074e-07
6.84074e-07
6.84074e-07
6.84074e-07
6.84074e-07
6.84074e-07
6.84074e-07
6.84074e-07
6.84074e-07
6.84074e-07
6.84074e-07
6.84074e-07
6.84074e-07
6.84074e-07
6.84074e-07
6.84074e-07
6.84074e-07
6.84074e-07
6.84074e-07
6.84074e-07
6.84074e-07
6.84074e-07
6.84074e-07
6.84074e-07
6.84074e-07
6.84074e-07
6.84074e-07
6.84074e-07
6.84074e-07
6.84074e-07
6.84074e-07
6.84074e-07
6.84074e-07
6.84074e-07
6.84074e-07
6.84074e-07
6.84074e-07
6.84074e-07
6.84074e-07
6.84074e-07
6.84074e-07
6.84074e-07
6.84074e-07
6.84074e-07
6.84074e-07
6.84074e-07
6.84074e-07
6.84074e-07
6.84074e-07
6.84074e-07
6.84074e-07
6.84074e-07
6.84074e-07
6.84074e-07
6.84074e-07
6.84074e-07
6.84074e-07
6.84074e-07
6.84074e-07
6.84074e-07
6.84074e-07
6.84074e-07
6.84074e-07
6.84074e-07
6.84074e-07
6.84074e-07
6.84074e-07
6.84074e-07
6.84074e-07
6.84074e-07
6.84074e-07
6.84074e-07
6.84074e-07
6.84074e-07
6.84074e-07
6.84074e-07
6.84074e-07
6.84074e-07
6.84074e-07
6.84074e-07
6.84074e-07
6.84074e-07
6.84074e-07
6.84074e-07
6.84074e-07
6.84074e-07
6.84074e-07
6.84074e-07
6.84074e-07
6.84074e-07
6.84074e-07
6.84074e-07
6.84074e-07
6.84074e-07
6.84074e-07
6.84074e-07
6.84074e-07
6.84074e-07
6.84074e-07
6.84074e-07
6.84074e-07
6.84074e-07
6.84074e-07
6.84074e-07
6.84074e-07
6.84074e-07
6.84074e-07
6.84074e-07
6.84074e-07
6.84074e-07
6.84074e-07
6.84074e-07
6.84074e-07
6.84074e-07
6.84074e-07
6.84074e-07
6.84074e-07
6.84074e-07
6.84074e-07
6.84074e-07
6.84074e-07
6.84074e-07
6.84074e-07
6.84074e-07
6.84074e-07
6.84074e-07
6.84074e-07
6.84074e-07
6.84074e-07
6.84074e-07
6.84074e-07
6.84074e-07
6.84074e-07
6.84074e-07
6.84074e-07
6.84074e-07
6.84074e-07
6.84074e-07
6.84074e-07
6.84074e-07
6.84074e-07
6.84074e-07
6.84074e-07
6.84074e-07
6.84074e-07
6.84074e-07
6.84074e-07
6.84074e-07
6.84074e-07
6.84074e-07
6.84074e-07
6.84074e-07
6.84074e-07
6.84074e-07
6.84074e-07
6.84074e-07
6.84074e-07
6.84074e-07
6.84074e-07
6.84074e-07
6.84074e-07
6.84074e-07
6.84074e-07
6.84074e-07
6.84074e-07
6.84074e-07
6.84074e-07
6.84074e-07
6.84074e-07
6.84074e-07
6.84074e-07
6.84074e-07
6.84074e-07
6.84074e-07
6.84074e-07
6.84074e-07
6.84074e-07
6.84074e-07
6.84074e-07
6.84074e-07
6.84074e-07
6.84074e-07
6.84074e-07
6.84074e-07
6.84074e-07
6.84074e-07
6.84074e-07
6.84074e-07
6.84074e-07
6.84074e-07
6.84074e-07
6.84074e-07
6.84074e-07
6.84074e-07
6.84074e-07
6.84074e-07
6.84074e-07
6.84074e-07
6.84074e-07
6.84074e-07
6.84074e-07
6.84074e-07
6.84074e-07
6.84074e-07
6.84074e-07
6.84074e-07
6.84074e-07
6.84074e-07
6.84074e-07
6.84074e-07
6.84074e-07
6.84074e-07
6.84074e-07
6.84074e-07
6.84074e-07
6.84074e-07
6.84074e-07
6.84074e-07
6.84074e-07
6.84074e-07
6.84074e-07
6.84074e-07
6.84074e-07
6.84074e-07
6.84074e-07
6.84074e-07
6.84074e-07
6.84074e-07
6.84074e-07
6.84074e-07
6.84074e-07
6.84074e-07
6.84074e-07
6.84074e-07
6.84074e-07
6.84074e-07
6.84074e-07
6.84074e-07
6.84074e-07
6.84074e-07
6.84074e-07
6.84074e-07
6.84074e-07
6.84074e-07
6.84074e-07
6.84074e-07
6.84074e-07
6.84074e-07
6.84074e-07
6.84074e-07
6.84074e-07
6.84074e-07
6.84074e-07
6.84074e-07
6.84074e-07
6.84074e-07
6.84074e-07
6.84074e-07
6.84074e-07
6.84074e-07
6.84074e-07
6.84074e-07
6.84074e-07
6.84074e-07
6.84074e-07
6.84074e-07
6.84074e-07
6.84074e-07
6.84074e-07
6.84074e-07
6.84074e-07
6.84074e-07
6.84074e-07
6.84074e-07
6.84074e-07
6.84074e-07
6.84074e-07
6.84074e-07
6.84074e-07
6.84074e-07
6.84074e-07
6.84074e-07
6.84074e-07
6.84074e-07
6.84074e-07
6.84074e-07
6.84074e-07
6.84074e-07
6.84074e-07
6.84074e-07
6.84074e-07
6.84074e-07
6.84074e-07
6.84074e-07
6.84074e-07
6.84074e-07
6.84074e-07
6.84074e-07
6.84074e-07
6.84074e-07
6.84074e-07
6.84074e-07
6.84074e-07
6.84074e-07
6.84074e-07
6.84074e-07
6.84074e-07
6.84074e-07
6.84074e-07
6.84074e-07
6.84074e-07
6.84074e-07
6.84074e-07
6.84074e-07
6.84074e-07
6.84074e-07
6.84074e-07
6.84074e-07
6.84074e-07
6.84074e-07
6.84074e-07
6.84074e-07
6.84074e-07
6.84074e-07
6.84074e-07
6.84074e-07
6.84074e-07
6.84074e-07
6.84074e-07
6.84074e-07
6.84074e-07
6.84074e-07
6.84074e-07
6.84074e-07
6.84074e-07
6.84074e-07
6.84074e-07
6.84074e-07
6.84074e-07
6.84074e-07
6.84074e-07
6.84074e-07
6.84074e-07
6.84074e-07
6.84074e-07
6.84074e-07
6.84074e-07
6.84074e-07
6.84074e-07
6.84074e-07
6.84074e-07
6.84074e-07
6.84074e-07
6.84074e-07
6.84074e-07
6.84074e-07
6.84074e-07
6.84074e-07
6.84074e-07
6.84074e-07
6.84074e-07
6.84074e-07
6.84074e-07
6.84074e-07
6.84074e-07
6.84074e-07
6.84074e-07
6.84074e-07
6.84074e-07
6.84074e-07
6.84074e-07
6.84074e-07
6.84074e-07
6.84074e-07
6.84074e-07
6.84074e-07
6.84074e-07
6.84074e-07
6.84074e-07
6.84074e-07
6.84074e-07
6.84074e-07
6.84074e-07
6.84074e-07
6.84074e-07
6.84074e-07
6.84074e-07
6.84074e-07
6.84074e-07
6.84074e-07
6.84074e-07
6.84074e-07
6.84074e-07
6.84074e-07
6.84074e-07
6.84074e-07
6.84074e-07
6.84074e-07
6.84074e-07
6.84074e-07
6.84074e-07
6.84074e-07
6.84074e-07
6.84074e-07
6.84074e-07
6.84074e-07
6.84074e-07
6.84074e-07
6.84074e-07
6.84074e-07
6.84074e-07
6.84074e-07
6.84074e-07
6.84074e-07
6.84074e-07
6.84074e-07
6.84074e-07
6.84074e-07
6.84074e-07
6.84074e-07
6.84074e-07
6.84074e-07
6.84074e-07
6.84074e-07
6.84074e-07
6.84074e-07
6.84074e-07
6.84074e-07
6.84074e-07
6.84074e-07
6.84074e-07
6.84074e-07
6.84074e-07
6.84074e-07
6.84074e-07
6.84074e-07
6.84074e-07
6.84074e-07
6.84074e-07
6.84074e-07
6.84074e-07
6.84074e-07
6.84074e-07
6.84074e-07
6.84074e-07
6.84074e-07
6.84074e-07
6.84074e-07
6.84074e-07
6.84074e-07
6.84074e-07
6.84074e-07
6.84074e-07
6.84074e-07
6.84074e-07
6.84074e-07
6.84074e-07
6.84074e-07
6.84074e-07
6.84074e-07
6.84074e-07
6.84074e-07
6.84074e-07
6.84074e-07
6.84074e-07
6.84074e-07
6.84074e-07
6.84074e-07
6.84074e-07
6.84074e-07
6.84074e-07
6.84074e-07
6.84074e-07
6.84074e-07
6.84074e-07
6.84074e-07
6.84074e-07
6.84074e-07
6.84074e-07
6.84074e-07
6.84074e-07
6.84074e-07
6.84074e-07
6.84074e-07
6.84074e-07
6.84074e-07
6.84074e-07
6.84074e-07
6.84074e-07
6.84074e-07
6.84074e-07
6.84074e-07
6.84074e-07
6.84074e-07
6.84074e-07
6.84074e-07
6.84074e-07
6.84074e-07
6.84074e-07
6.84074e-07
6.84074e-07
6.84074e-07
6.84074e-07
6.84074e-07
6.84074e-07
6.84074e-07
6.84074e-07
6.84074e-07
6.84074e-07
6.84074e-07
6.84074e-07
6.84074e-07
6.84074e-07
6.84074e-07
6.84074e-07
6.84074e-07
6.84074e-07
6.84074e-07
6.84074e-07
6.84074e-07
6.84074e-07
6.84074e-07
6.84074e-07
6.84074e-07
6.84074e-07
6.84074e-07
6.84074e-07
6.84074e-07
6.84074e-07
6.84074e-07
6.84074e-07
6.84074e-07
6.84074e-07
6.84074e-07
6.84074e-07
6.84074e-07
6.84074e-07
6.84074e-07
6.84074e-07
6.84074e-07
6.84074e-07
6.84074e-07
6.84074e-07
6.84074e-07
6.84074e-07
6.84074e-07
6.84074e-07
6.84074e-07
6.84074e-07
6.84074e-07
6.84074e-07
6.84074e-07
6.84074e-07
6.84074e-07
6.84074e-07
6.84074e-07
6.84074e-07
6.84074e-07
6.84074e-07
6.84074e-07
6.84074e-07
6.84074e-07
6.84074e-07
6.84074e-07
6.84074e-07
6.84074e-07
6.84074e-07
6.84074e-07
6.84074e-07
6.84074e-07
6.84074e-07
6.84074e-07
6.84074e-07
6.84074e-07
6.84074e-07
6.84074e-07
6.84074e-07
6.84074e-07
6.84074e-07
6.84074e-07
6.84074e-07
6.84074e-07
6.84074e-07
6.84074e-07
6.84074e-07
6.84074e-07
6.84074e-07
6.84074e-07
6.84074e-07
6.84074e-07
6.84074e-07
6.84074e-07
6.84074e-07
6.84074e-07
6.84074e-07
6.84074e-07
6.84074e-07
6.84074e-07
6.84074e-07
6.84074e-07
6.84074e-07
6.84074e-07
6.84074e-07
6.84074e-07
6.84074e-07
6.84074e-07
6.84074e-07
6.84074e-07
6.84074e-07
6.84074e-07
6.84074e-07
6.84074e-07
6.84074e-07
6.84074e-07
6.84074e-07
6.84074e-07
6.84074e-07
6.84074e-07
6.84074e-07
6.84074e-07
6.84074e-07
6.84074e-07
6.84074e-07
6.84074e-07
6.84074e-07
6.84074e-07
6.84074e-07
6.84074e-07
6.84074e-07
6.84074e-07
6.84074e-07
6.84074e-07
6.84074e-07
6.84074e-07
6.84074e-07
6.84074e-07
6.84074e-07
6.84074e-07
6.84074e-07
6.84074e-07
6.84074e-07
6.84074e-07
6.84074e-07
6.84074e-07
6.84074e-07
6.84074e-07
6.84074e-07
6.84074e-07
6.84074e-07
6.84074e-07
6.84074e-07
6.84074e-07
6.84074e-07
6.84074e-07
6.84074e-07
6.84074e-07
6.84074e-07
6.84074e-07
6.84074e-07
6.84074e-07
6.84074e-07
6.84074e-07
6.84074e-07
6.84074e-07
6.84074e-07
6.84074e-07
6.84074e-07
6.84074e-07
6.84074e-07
6.84074e-07
6.84074e-07
6.84074e-07
6.84074e-07
6.84074e-07
6.84074e-07
6.84074e-07
6.84074e-07
6.84074e-07
6.84074e-07
6.84074e-07
6.84074e-07
6.84074e-07
6.84074e-07
6.84074e-07
6.84074e-07
6.84074e-07
6.84074e-07
6.84074e-07
6.84074e-07
6.84074e-07
6.84074e-07
6.84074e-07
6.84074e-07
6.84074e-07
6.84074e-07
6.84074e-07
6.84074e-07
6.84074e-07
6.84074e-07
6.84074e-07
6.84074e-07
6.84074e-07
6.84074e-07
6.84074e-07
6.84074e-07
6.84074e-07
6.84074e-07
6.84074e-07
6.84074e-07
6.84074e-07
6.84074e-07
6.84074e-07
6.84074e-07
6.84074e-07
6.84074e-07
6.84074e-07
6.84074e-07
6.84074e-07
6.84074e-07
6.84074e-07
6.84074e-07
6.84074e-07
6.84074e-07
6.84074e-07
6.84074e-07
6.84074e-07
6.84074e-07
6.84074e-07
6.84074e-07
6.84074e-07
6.84074e-07
6.84074e-07
6.84074e-07
6.84074e-07
6.84074e-07
6.84074e-07
6.84074e-07
6.84074e-07
6.84074e-07
6.84074e-07
6.84074e-07
6.84074e-07
6.84074e-07
6.84074e-07
6.84074e-07
6.84074e-07
6.84074e-07
6.84074e-07
6.84074e-07
6.84074e-07
6.84074e-07
6.84074e-07
6.84074e-07
6.84074e-07
6.84074e-07
6.84074e-07
6.84074e-07
6.84074e-07
6.84074e-07
6.84074e-07
6.84074e-07
6.84074e-07
6.84074e-07
6.84074e-07
6.84074e-07
6.84074e-07
6.84074e-07
6.84074e-07
6.84074e-07
6.84074e-07
6.84074e-07
6.84074e-07
6.84074e-07
6.84074e-07
6.84074e-07
6.84074e-07
6.84074e-07
6.84074e-07
6.84074e-07
6.84074e-07
6.84074e-07
6.84074e-07
6.84074e-07
6.84074e-07
6.84074e-07
6.84074e-07
6.84074e-07
6.84074e-07
6.84074e-07
6.84074e-07
6.84074e-07
6.84074e-07
6.84074e-07
6.84074e-07
6.84074e-07
6.84074e-07
6.84074e-07
6.84074e-07
6.84074e-07
6.84074e-07
6.84074e-07
6.84074e-07
6.84074e-07
6.84074e-07
6.84074e-07
6.84074e-07
6.84074e-07
6.84074e-07
6.84074e-07
6.84074e-07
6.84074e-07
6.84074e-07
6.84074e-07
6.84074e-07
6.84074e-07
6.84074e-07
6.84074e-07
6.84074e-07
6.84074e-07
6.84074e-07
6.84074e-07
6.84074e-07
6.84074e-07
6.84074e-07
6.84074e-07
6.84074e-07
6.84074e-07
6.84074e-07
6.84074e-07
6.84074e-07
6.84074e-07
6.84074e-07
6.84074e-07
6.84074e-07
6.84074e-07
6.84074e-07
6.84074e-07
6.84074e-07
6.84074e-07
6.84074e-07
6.84074e-07
6.84074e-07
6.84074e-07
6.84074e-07
6.84074e-07
6.84074e-07
6.84074e-07
6.84074e-07
6.84074e-07
6.84074e-07
6.84074e-07
6.84074e-07
6.84074e-07
6.84074e-07
6.84074e-07
6.84074e-07
6.84074e-07
6.84074e-07
6.84074e-07
6.84074e-07
6.84074e-07
6.84074e-07
6.84074e-07
6.84074e-07
6.84074e-07
6.84074e-07
6.84074e-07
6.84074e-07
6.84074e-07
6.84074e-07
6.84074e-07
6.84074e-07
6.84074e-07
6.84074e-07
6.84074e-07
6.84074e-07
6.84074e-07
6.84074e-07
6.84074e-07
6.84074e-07
6.84074e-07
6.84074e-07
6.84074e-07
6.84074e-07
6.84074e-07
6.84074e-07
6.84074e-07
6.84074e-07
6.84074e-07
6.84074e-07
6.84074e-07
6.84074e-07
6.84074e-07
6.84074e-07
6.84074e-07
6.84074e-07
6.84074e-07
6.84074e-07
6.84074e-07
6.84074e-07
6.84074e-07
6.84074e-07
6.84074e-07
6.84074e-07
6.84074e-07
6.84074e-07
6.84074e-07
6.84074e-07
6.84074e-07
6.84074e-07
6.84074e-07
6.84074e-07
6.84074e-07
6.84074e-07
6.84074e-07
6.84074e-07
6.84074e-07
6.84074e-07
6.84074e-07
6.84074e-07
6.84074e-07
6.84074e-07
6.84074e-07
6.84074e-07
6.84074e-07
6.84074e-07
6.84074e-07
6.84074e-07
6.84074e-07
6.84074e-07
6.84074e-07
6.84074e-07
6.84074e-07
6.84074e-07
6.84074e-07
6.84074e-07
6.84074e-07
6.84074e-07
6.84074e-07
6.84074e-07
6.84074e-07
6.84074e-07
6.84074e-07
6.84074e-07
6.84074e-07
6.84074e-07
6.84074e-07
6.84074e-07
6.84074e-07
6.84074e-07
6.84074e-07
6.84074e-07
6.84074e-07
6.84074e-07
6.84074e-07
6.84074e-07
6.84074e-07
6.84074e-07
6.84074e-07
6.84074e-07
6.84074e-07
6.84074e-07
6.84074e-07
6.84074e-07
6.84074e-07
6.84074e-07
6.84074e-07
6.84074e-07
6.84074e-07
6.84074e-07
6.84074e-07
6.84074e-07
6.84074e-07
6.84074e-07
6.84074e-07
6.84074e-07
6.84074e-07
6.84074e-07
6.84074e-07
6.84074e-07
6.84074e-07
6.84074e-07
6.84074e-07
6.84074e-07
6.84074e-07
6.84074e-07
6.84074e-07
6.84074e-07
6.84074e-07
6.84074e-07
6.84074e-07
6.84074e-07
6.84074e-07
6.84074e-07
6.84074e-07
6.84074e-07
6.84074e-07
6.84074e-07
6.84074e-07
6.84074e-07
6.84074e-07
6.84074e-07
6.84074e-07
6.84074e-07
6.84074e-07
6.84074e-07
6.84074e-07
6.84074e-07
6.84074e-07
6.84074e-07
6.84074e-07
6.84074e-07
6.84074e-07
6.84074e-07
6.84074e-07
6.84074e-07
6.84074e-07
6.84074e-07
6.84074e-07
6.84074e-07
6.84074e-07
6.84074e-07
6.84074e-07
6.84074e-07
6.84074e-07
6.84074e-07
6.84074e-07
6.84074e-07
6.84074e-07
6.84074e-07
6.84074e-07
6.84074e-07
6.84074e-07
6.84074e-07
6.84074e-07
6.84074e-07
6.84074e-07
6.84074e-07
6.84074e-07
6.84074e-07
6.84074e-07
6.84074e-07
6.84074e-07
6.84074e-07
6.84074e-07
6.84074e-07
6.84074e-07
6.84074e-07
6.84074e-07
6.84074e-07
6.84074e-07
6.84074e-07
6.84074e-07
6.84074e-07
6.84074e-07
6.84074e-07
6.84074e-07
6.84074e-07
6.84074e-07
6.84074e-07
6.84074e-07
6.84074e-07
6.84074e-07
6.84074e-07
6.84074e-07
6.84074e-07
6.84074e-07
6.84074e-07
6.84074e-07
6.84074e-07
6.84074e-07
6.84074e-07
6.84074e-07
6.84074e-07
6.84074e-07
6.84074e-07
6.84074e-07
6.84074e-07
6.84074e-07
6.84074e-07
6.84074e-07
6.84074e-07
6.84074e-07
6.84074e-07
6.84074e-07
6.84074e-07
6.84074e-07
6.84074e-07
6.84074e-07
6.84074e-07
6.84074e-07
6.84074e-07
6.84074e-07
6.84074e-07
6.84074e-07
6.84074e-07
6.84074e-07
6.84074e-07
6.84074e-07
6.84074e-07
6.84074e-07
6.84074e-07
6.84074e-07
6.84074e-07
6.84074e-07
6.84074e-07
6.84074e-07
6.84074e-07
6.84074e-07
6.84074e-07
6.84074e-07
6.84074e-07
6.84074e-07
6.84074e-07
6.84074e-07
6.84074e-07
6.84074e-07
6.84074e-07
6.84074e-07
6.84074e-07
6.84074e-07
6.84074e-07
6.84074e-07
6.84074e-07
6.84074e-07
6.84074e-07
6.84074e-07
6.84074e-07
6.84074e-07
6.84074e-07
6.84074e-07
6.84074e-07
6.84074e-07
6.84074e-07
6.84074e-07
6.84074e-07
6.84074e-07
6.84074e-07
6.84074e-07
6.84074e-07
6.84074e-07
6.84074e-07
6.84074e-07
6.84074e-07
6.84074e-07
6.84074e-07
6.84074e-07
6.84074e-07
6.84074e-07
6.84074e-07
6.84074e-07
6.84074e-07
6.84074e-07
6.84074e-07
6.84074e-07
6.84074e-07
6.84074e-07
6.84074e-07
6.84074e-07
6.84074e-07
6.84074e-07
6.84074e-07
6.84074e-07
6.84074e-07
6.84074e-07
6.84074e-07
6.84074e-07
6.84074e-07
6.84074e-07
6.84074e-07
6.84074e-07
6.84074e-07
6.84074e-07
6.84074e-07
6.84074e-07
6.84074e-07
6.84074e-07
6.84074e-07
6.84074e-07
6.84074e-07
6.84074e-07
6.84074e-07
6.84074e-07
6.84074e-07
6.84074e-07
6.84074e-07
6.84074e-07
6.84074e-07
6.84074e-07
6.84074e-07
6.84074e-07
6.84074e-07
6.84074e-07
6.84074e-07
6.84074e-07
6.84074e-07
6.84074e-07
6.84074e-07
6.84074e-07
6.84074e-07
6.84074e-07
6.84074e-07
6.84074e-07
6.84074e-07
6.84074e-07
6.84074e-07
6.84074e-07
6.84074e-07
6.84074e-07
6.84074e-07
6.84074e-07
6.84074e-07
6.84074e-07
6.84074e-07
6.84074e-07
6.84074e-07
6.84074e-07
6.84074e-07
6.84074e-07
6.84074e-07
6.84074e-07
6.84074e-07
6.84074e-07
6.84074e-07
6.84074e-07
6.84074e-07
6.84074e-07
6.84074e-07
6.84074e-07
6.84074e-07
6.84074e-07
6.84074e-07
6.84074e-07
6.84074e-07
6.84074e-07
6.84074e-07
6.84074e-07
6.84074e-07
6.84074e-07
6.84074e-07
6.84074e-07
6.84074e-07
6.84074e-07
6.84074e-07
6.84074e-07
6.84074e-07
6.84074e-07
6.84074e-07
6.84074e-07
6.84074e-07
6.84074e-07
6.84074e-07
6.84074e-07
6.84074e-07
6.84074e-07
6.84074e-07
6.84074e-07
6.84074e-07
6.84074e-07
6.84074e-07
6.84074e-07
6.84074e-07
6.84074e-07
6.84074e-07
6.84074e-07
6.84074e-07
6.84074e-07
6.84074e-07
6.84074e-07
6.84074e-07
6.84074e-07
6.84074e-07
6.84074e-07
6.84074e-07
6.84074e-07
6.84074e-07
6.84074e-07
6.84074e-07
6.84074e-07
6.84074e-07
6.84074e-07
6.84074e-07
6.84074e-07
6.84074e-07
6.84074e-07
6.84074e-07
6.84074e-07
6.84074e-07
6.84074e-07
6.84074e-07
6.84074e-07
6.84074e-07
6.84074e-07
6.84074e-07
6.84074e-07
6.84074e-07
6.84074e-07
6.84074e-07
6.84074e-07
6.84074e-07
6.84074e-07
6.84074e-07
6.84074e-07
6.84074e-07
6.84074e-07
6.84074e-07
6.84074e-07
6.84074e-07
6.84074e-07
6.84074e-07
6.84074e-07
6.84074e-07
6.84074e-07
6.84074e-07
6.84074e-07
6.84074e-07
6.84074e-07
6.84074e-07
6.84074e-07
6.84074e-07
6.84074e-07
6.84074e-07
6.84074e-07
6.84074e-07
6.84074e-07
6.84074e-07
6.84074e-07
6.84074e-07
6.84074e-07
6.84074e-07
6.84074e-07
6.84074e-07
6.84074e-07
6.84074e-07
6.84074e-07
6.84074e-07
6.84074e-07
6.84074e-07
6.84074e-07
6.84074e-07
6.84074e-07
6.84074e-07
6.84074e-07
6.84074e-07
6.84074e-07
6.84074e-07
6.84074e-07
6.84074e-07
6.84074e-07
6.84074e-07
6.84074e-07
6.84074e-07
6.84074e-07
6.84074e-07
6.84074e-07
6.84074e-07
6.84074e-07
6.84074e-07
6.84074e-07
6.84074e-07
6.84074e-07
6.84074e-07
6.84074e-07
6.84074e-07
6.84074e-07
6.84074e-07
6.84074e-07
6.84074e-07
6.84074e-07
6.84074e-07
6.84074e-07
6.84074e-07
6.84074e-07
6.84074e-07
6.84074e-07
6.84074e-07
6.84074e-07
6.84074e-07
6.84074e-07
6.84074e-07
6.84074e-07
6.84074e-07
6.84074e-07
6.84074e-07
6.84074e-07
6.84074e-07
6.84074e-07
6.84074e-07
6.84074e-07
6.84074e-07
6.84074e-07
6.84074e-07
6.84074e-07
6.84074e-07
6.84074e-07
6.84074e-07
6.84074e-07
6.84074e-07
6.84074e-07
6.84074e-07
6.84074e-07
6.84074e-07
6.84074e-07
6.84074e-07
6.84074e-07
6.84074e-07
6.84074e-07
6.84074e-07
6.84074e-07
6.84074e-07
6.84074e-07
6.84074e-07
6.84074e-07
6.84074e-07
6.84074e-07
6.84074e-07
6.84074e-07
6.84074e-07
6.84074e-07
6.84074e-07
6.84074e-07
6.84074e-07
6.84074e-07
6.84074e-07
6.84074e-07
6.84074e-07
6.84074e-07
6.84074e-07
6.84074e-07
6.84074e-07
6.84074e-07
6.84074e-07
6.84074e-07
6.84074e-07
6.84074e-07
6.84074e-07
6.84074e-07
6.84074e-07
6.84074e-07
6.84074e-07
6.84074e-07
6.84074e-07
6.84074e-07
6.84074e-07
6.84074e-07
6.84074e-07
6.84074e-07
6.84074e-07
6.84074e-07
6.84074e-07
6.84074e-07
6.84074e-07
6.84074e-07
6.84074e-07
6.84074e-07
6.84074e-07
6.84074e-07
6.84074e-07
6.84074e-07
6.84074e-07
6.84074e-07
6.84074e-07
6.84074e-07
6.84074e-07
6.84074e-07
6.84074e-07
6.84074e-07
6.84074e-07
6.84074e-07
6.84074e-07
6.84074e-07
6.84074e-07
6.84074e-07
6.84074e-07
6.84074e-07
6.84074e-07
6.84074e-07
6.84074e-07
6.84074e-07
6.84074e-07
6.84074e-07
6.84074e-07
6.84074e-07
6.84074e-07
6.84074e-07
6.84074e-07
6.84074e-07
6.84074e-07
6.84074e-07
6.84074e-07
6.84074e-07
6.84074e-07
6.84074e-07
6.84074e-07
6.84074e-07
6.84074e-07
6.84074e-07
6.84074e-07
6.84074e-07
6.84074e-07
6.84074e-07
6.84074e-07
6.84074e-07
6.84074e-07
6.84074e-07
6.84074e-07
6.84074e-07
6.84074e-07
6.84074e-07
6.84074e-07
6.84074e-07
6.84074e-07
6.84074e-07
6.84074e-07
6.84074e-07
6.84074e-07
6.84074e-07
6.84074e-07
6.84074e-07
6.84074e-07
6.84074e-07
6.84074e-07
6.84074e-07
6.84074e-07
6.84074e-07
6.84074e-07
6.84074e-07
6.84074e-07
6.84074e-07
6.84074e-07
6.84074e-07
6.84074e-07
6.84074e-07
6.84074e-07
6.84074e-07
6.84074e-07
6.84074e-07
6.84074e-07
6.84074e-07
6.84074e-07
6.84074e-07
6.84074e-07
6.84074e-07
6.84074e-07
6.84074e-07
6.84074e-07
6.84074e-07
6.84074e-07
6.84074e-07
6.84074e-07
6.84074e-07
6.84074e-07
6.84074e-07
6.84074e-07
6.84074e-07
6.84074e-07
6.84074e-07
6.84074e-07
6.84074e-07
6.84074e-07
6.84074e-07
6.84074e-07
6.84074e-07
6.84074e-07
6.84074e-07
6.84074e-07
6.84074e-07
6.84074e-07
6.84074e-07
6.84074e-07
6.84074e-07
6.84074e-07
6.84074e-07
6.84074e-07
6.84074e-07
6.84074e-07
6.84074e-07
6.84074e-07
6.84074e-07
6.84074e-07
6.84074e-07
6.84074e-07
6.84074e-07
6.84074e-07
6.84074e-07
6.84074e-07
6.84074e-07
6.84074e-07
6.84074e-07
6.84074e-07
6.84074e-07
6.84074e-07
6.84074e-07
6.84074e-07
6.84074e-07
6.84074e-07
6.84074e-07
6.84074e-07
6.84074e-07
6.84074e-07
6.84074e-07
6.84074e-07
6.84074e-07
6.84074e-07
6.84074e-07
6.84074e-07
6.84074e-07
6.84074e-07
6.84074e-07
6.84074e-07
6.84074e-07
6.84074e-07
6.84074e-07
6.84074e-07
6.84074e-07
6.84074e-07
6.84074e-07
6.84074e-07
6.84074e-07
6.84074e-07
6.84074e-07
6.84074e-07
6.84074e-07
6.84074e-07
6.84074e-07
6.84074e-07
6.84074e-07
6.84074e-07
6.84074e-07
6.84074e-07
6.84074e-07
6.84074e-07
6.84074e-07
6.84074e-07
6.84074e-07
6.84074e-07
6.84074e-07
6.84074e-07
6.84074e-07
6.84074e-07
6.84074e-07
6.84074e-07
6.84074e-07
6.84074e-07
6.84074e-07
6.84074e-07
6.84074e-07
6.84074e-07
6.84074e-07
6.84074e-07
6.84074e-07
6.84074e-07
6.84074e-07
6.84074e-07
6.84074e-07
6.84074e-07
6.84074e-07
6.84074e-07
6.84074e-07
6.84074e-07
6.84074e-07
6.84074e-07
6.84074e-07
6.84074e-07
6.84074e-07
6.84074e-07
6.84074e-07
6.84074e-07
6.84074e-07
6.84074e-07
6.84074e-07
6.84074e-07
6.84074e-07
6.84074e-07
6.84074e-07
6.84074e-07
6.84074e-07
6.84074e-07
6.84074e-07
6.84074e-07
6.84074e-07
6.84074e-07
6.84074e-07
6.84074e-07
6.84074e-07
6.84074e-07
6.84074e-07
6.84074e-07
6.84074e-07
6.84074e-07
6.84074e-07
6.84074e-07
6.84074e-07
6.84074e-07
6.84074e-07
6.84074e-07
6.84074e-07
6.84074e-07
6.84074e-07
6.84074e-07
6.84074e-07
6.84074e-07
6.84074e-07
6.84074e-07
6.84074e-07
6.84074e-07
6.84074e-07
6.84074e-07
6.84074e-07
6.84074e-07
6.84074e-07
6.84074e-07
6.84074e-07
6.84074e-07
6.84074e-07
6.84074e-07
6.84074e-07
6.84074e-07
6.84074e-07
6.84074e-07
6.84074e-07
6.84074e-07
6.84074e-07
6.84074e-07
6.84074e-07
6.84074e-07
6.84074e-07
6.84074e-07
6.84074e-07
6.84074e-07
6.84074e-07
6.84074e-07
6.84074e-07
6.84074e-07
6.84074e-07
6.84074e-07
6.84074e-07
6.84074e-07
6.84074e-07
6.84074e-07
6.84074e-07
6.84074e-07
6.84074e-07
6.84074e-07
6.84074e-07
6.84074e-07
6.84074e-07
6.84074e-07
6.84074e-07
6.84074e-07
6.84074e-07
6.84074e-07
6.84074e-07
6.84074e-07
6.84074e-07
6.84074e-07
6.84074e-07
6.84074e-07
6.84074e-07
6.84074e-07
6.84074e-07
6.84074e-07
6.84074e-07
6.84074e-07
6.84074e-07
6.84074e-07
6.84074e-07
6.84074e-07
6.84074e-07
6.84074e-07
6.84074e-07
6.84074e-07
6.84074e-07
6.84074e-07
6.84074e-07
6.84074e-07
6.84074e-07
6.84074e-07
6.84074e-07
6.84074e-07
6.84074e-07
6.84074e-07
6.84074e-07
6.84074e-07
6.84074e-07
6.84074e-07
6.84074e-07
6.84074e-07
6.84074e-07
6.84074e-07
6.84074e-07
6.84074e-07
6.84074e-07
6.84074e-07
6.84074e-07
6.84074e-07
6.84074e-07
6.84074e-07
6.84074e-07
6.84074e-07
6.84074e-07
6.84074e-07
6.84074e-07
6.84074e-07
6.84074e-07
6.84074e-07
6.84074e-07
6.84074e-07
6.84074e-07
6.84074e-07
6.84074e-07
6.84074e-07
6.84074e-07
6.84074e-07
6.84074e-07
6.84074e-07
6.84074e-07
6.84074e-07
6.84074e-07
6.84074e-07
6.84074e-07
6.84074e-07
6.84074e-07
6.84074e-07
6.84074e-07
6.84074e-07
6.84074e-07
6.84074e-07
6.84074e-07
6.84074e-07
6.84074e-07
6.84074e-07
6.84074e-07
6.84074e-07
6.84074e-07
6.84074e-07
6.84074e-07
6.84074e-07
6.84074e-07
6.84074e-07
6.84074e-07
6.84074e-07
6.84074e-07
6.84074e-07
6.84074e-07
6.84074e-07
6.84074e-07
6.84074e-07
6.84074e-07
6.84074e-07
6.84074e-07
6.84074e-07
6.84074e-07
6.84074e-07
6.84074e-07
6.84074e-07
6.84074e-07
6.84074e-07
6.84074e-07
6.84074e-07
6.84074e-07
6.84074e-07
6.84074e-07
6.84074e-07
6.84074e-07
6.84074e-07
6.84074e-07
6.84074e-07
6.84074e-07
6.84074e-07
6.84074e-07
6.84074e-07
6.84074e-07
6.84074e-07
6.84074e-07
6.84074e-07
6.84074e-07
6.84074e-07
6.84074e-07
6.84074e-07
6.84074e-07
6.84074e-07
6.84074e-07
6.84074e-07
6.84074e-07
6.84074e-07
6.84074e-07
6.84074e-07
6.84074e-07
6.84074e-07
6.84074e-07
6.84074e-07
6.84074e-07
6.84074e-07
6.84074e-07
6.84074e-07
6.84074e-07
6.84074e-07
6.84074e-07
6.84074e-07
6.84074e-07
6.84074e-07
6.84074e-07
6.84074e-07
6.84074e-07
6.84074e-07
6.84074e-07
6.84074e-07
6.84074e-07
6.84074e-07
6.84074e-07
6.84074e-07
6.84074e-07
6.84074e-07
6.84074e-07
6.84074e-07
6.84074e-07
6.84074e-07
6.84074e-07
6.84074e-07
6.84074e-07
6.84074e-07
6.84074e-07
6.84074e-07
6.84074e-07
6.84074e-07
6.84074e-07
6.84074e-07
6.84074e-07
6.84074e-07
6.84074e-07
6.84074e-07
6.84074e-07
6.84074e-07
6.84074e-07
6.84074e-07
6.84074e-07
6.84074e-07
6.84074e-07
6.84074e-07
6.84074e-07
6.84074e-07
6.84074e-07
6.84074e-07
6.84074e-07
6.84074e-07
6.84074e-07
6.84074e-07
6.84074e-07
6.84074e-07
6.84074e-07
6.84074e-07
6.84074e-07
6.84074e-07
6.84074e-07
6.84074e-07
6.84074e-07
6.84074e-07
6.84074e-07
6.84074e-07
6.84074e-07
6.84074e-07
6.84074e-07
6.84074e-07
6.84074e-07
6.84074e-07
6.84074e-07
6.84074e-07
6.84074e-07
6.84074e-07
6.84074e-07
6.84074e-07
6.84074e-07
6.84074e-07
6.84074e-07
6.84074e-07
6.84074e-07
6.84074e-07
6.84074e-07
6.84074e-07
6.84074e-07
6.84074e-07
6.84074e-07
6.84074e-07
6.84074e-07
6.84074e-07
6.84074e-07
6.84074e-07
6.84074e-07
6.84074e-07
6.84074e-07
6.84074e-07
6.84074e-07
6.84074e-07
6.84074e-07
6.84074e-07
6.84074e-07
6.84074e-07
6.84074e-07
6.84074e-07
6.84074e-07
6.84074e-07
6.84074e-07
6.84074e-07
6.84074e-07
6.84074e-07
6.84074e-07
6.84074e-07
6.84074e-07
6.84074e-07
6.84074e-07
6.84074e-07
6.84074e-07
6.84074e-07
6.84074e-07
6.84074e-07
6.84074e-07
6.84074e-07
6.84074e-07
6.84074e-07
6.84074e-07
6.84074e-07
6.84074e-07
6.84074e-07
6.84074e-07
6.84074e-07
6.84074e-07
6.84074e-07
6.84074e-07
6.84074e-07
6.84074e-07
6.84074e-07
6.84074e-07
6.84074e-07
6.84074e-07
6.84074e-07
6.84074e-07
6.84074e-07
6.84074e-07
6.84074e-07
6.84074e-07
6.84074e-07
6.84074e-07
6.84074e-07
6.84074e-07
6.84074e-07
6.84074e-07
6.84074e-07
6.84074e-07
6.84074e-07
6.84074e-07
6.84074e-07
6.84074e-07
6.84074e-07
6.84074e-07
6.84074e-07
6.84074e-07
6.84074e-07
6.84074e-07
6.84074e-07
6.84074e-07
6.84074e-07
6.84074e-07
6.84074e-07
6.84074e-07
6.84074e-07
6.84074e-07
6.84074e-07
6.84074e-07
6.84074e-07
6.84074e-07
6.84074e-07
6.84074e-07
6.84074e-07
6.84074e-07
6.84074e-07
6.84074e-07
6.84074e-07
6.84074e-07
6.84074e-07
6.84074e-07
6.84074e-07
6.84074e-07
6.84074e-07
6.84074e-07
6.84074e-07
6.84074e-07
6.84074e-07
6.84074e-07
6.84074e-07
6.84074e-07
6.84074e-07
6.84074e-07
6.84074e-07
6.84074e-07
6.84074e-07
6.84074e-07
6.84074e-07
6.84074e-07
6.84074e-07
6.84074e-07
6.84074e-07
6.84074e-07
6.84074e-07
6.84074e-07
6.84074e-07
6.84074e-07
6.84074e-07
6.84074e-07
6.84074e-07
6.84074e-07
6.84074e-07
