0.148123
0.133468
0.120693
0.109481
0.0995838
0.0908028
0.0829762
0.0759714
0.0696785
0.0640057
0.0588758
0.0542235
0.0499934
0.0461378
0.042616
0.0393927
0.0364373
0.0337231
0.0312269
0.0289281
0.0268087
0.0248526
0.0230457
0.0213751
0.0198295
0.0183987
0.0170735
0.0158455
0.0147072
0.0136515
0.0126724
0.011764
0.010921
0.0101386
0.00941245
0.00873837
0.0081126
0.00753165
0.0069923
0.00649157
0.00602668
0.00559509
0.00519441
0.00482243
0.00447712
0.00415657
0.00385901
0.00358281
0.00332644
0.0030885
0.00286765
0.00266269
0.00247247
0.00229593
0.00213211
0.00198008
0.001839
0.00170808
0.0015866
0.00147387
0.00136926
0.00127219
0.00118212
0.00109853
0.00102096
0.000948983
0.000882183
0.00082019
0.000762656
0.000709257
0.000659695
0.000613692
0.00057099
0.000531349
0.000494548
0.000460381
0.000428658
0.0003992
0.000371845
0.00034644
0.000322843
0.000300924
0.000280562
0.000261643
0.000244063
0.000227727
0.000212543
0.000198429
0.000185308
0.000173108
0.000161762
0.00015121
0.000141394
0.000132262
0.000123764
0.000115855
0.000108493
0.000101638
9.52557e-05
8.93108e-05
8.37727e-05
7.86125e-05
7.38033e-05
6.93204e-05
6.51404e-05
6.12423e-05
5.76059e-05
5.42131e-05
5.10466e-05
4.80906e-05
4.53304e-05
4.27523e-05
4.03436e-05
3.80927e-05
3.59884e-05
3.40209e-05
3.21806e-05
3.04587e-05
2.88471e-05
2.73384e-05
2.59255e-05
2.46018e-05
2.33615e-05
2.21988e-05
2.11084e-05
2.00856e-05
1.91258e-05
1.82249e-05
1.73789e-05
1.65842e-05
1.58374e-05
1.51354e-05
1.44753e-05
1.38543e-05
1.32698e-05
1.27197e-05
1.22015e-05
1.17134e-05
1.12534e-05
1.08196e-05
1.04105e-05
1.00245e-05
9.66016e-06
9.31612e-06
8.99114e-06
8.68408e-06
8.39384e-06
8.11934e-06
7.85965e-06
7.61389e-06
7.38124e-06
7.16094e-06
6.95222e-06
6.75442e-06
6.56687e-06
6.38901e-06
6.22027e-06
6.06012e-06
5.90808e-06
5.76372e-06
5.62656e-06
5.49623e-06
5.37231e-06
5.25449e-06
5.14241e-06
5.03574e-06
4.93424e-06
4.8376e-06
4.74557e-06
4.65789e-06
4.57434e-06
4.49473e-06
4.41881e-06
4.34641e-06
4.27735e-06
4.21146e-06
4.14858e-06
4.08854e-06
4.03121e-06
3.97647e-06
3.92417e-06
3.87421e-06
3.82647e-06
3.78082e-06
3.73719e-06
3.69547e-06
3.65557e-06
3.61737e-06
3.58084e-06
3.54589e-06
3.51243e-06
3.48039e-06
3.44971e-06
3.42034e-06
3.39223e-06
3.36527e-06
3.33946e-06
3.31471e-06
3.29103e-06
3.26832e-06
3.24655e-06
3.22567e-06
3.20566e-06
3.18647e-06
3.16809e-06
3.15044e-06
3.13353e-06
3.1173e-06
3.10173e-06
3.08678e-06
3.07243e-06
3.05866e-06
3.04544e-06
3.03276e-06
3.02059e-06
3.00892e-06
2.9977e-06
2.98693e-06
2.97658e-06
2.96666e-06
2.95712e-06
2.94796e-06
2.93916e-06
2.93072e-06
2.92261e-06
2.9148e-06
2.90731e-06
2.90012e-06
2.89321e-06
2.88657e-06
2.88018e-06
2.87407e-06
2.86818e-06
2.86252e-06
2.85706e-06
2.85184e-06
2.8468e-06
2.84198e-06
2.83734e-06
2.83289e-06
2.82861e-06
2.8245e-06
2.82053e-06
2.81674e-06
2.81307e-06
2.80956e-06
2.80619e-06
2.80294e-06
2.79983e-06
2.79683e-06
2.79394e-06
2.79116e-06
2.78849e-06
2.78593e-06
2.78345e-06
2.78108e-06
2.7788e-06
2.77661e-06
2.7745e-06
2.77247e-06
2.77051e-06
2.76863e-06
2.76683e-06
2.7651e-06
2.76341e-06
2.7618e-06
2.76027e-06
2.75878e-06
2.75736e-06
2.756e-06
2.75468e-06
2.75342e-06
2.7522e-06
2.75102e-06
2.74987e-06
2.74879e-06
2.74775e-06
2.74675e-06
2.74579e-06
2.74486e-06
2.74395e-06
2.74308e-06
2.74227e-06
2.74149e-06
2.74072e-06
2.73998e-06
2.73928e-06
2.73859e-06
2.73795e-06
2.73732e-06
2.73671e-06
2.73613e-06
2.73554e-06
2.73499e-06
2.73446e-06
2.73396e-06
2.73349e-06
2.73303e-06
2.7326e-06
2.73217e-06
2.73177e-06
2.73138e-06
2.73101e-06
2.73065e-06
2.73029e-06
2.72994e-06
2.72963e-06
2.72931e-06
2.72903e-06
2.72873e-06
2.72845e-06
2.72818e-06
2.72794e-06
2.72769e-06
2.72745e-06
2.72723e-06
2.72702e-06
2.72681e-06
2.72662e-06
2.72643e-06
2.72624e-06
2.72607e-06
2.7259e-06
2.72575e-06
2.72559e-06
2.72543e-06
2.72527e-06
2.72513e-06
2.725e-06
2.72486e-06
2.72474e-06
2.72462e-06
2.72452e-06
2.7244e-06
2.72431e-06
2.72422e-06
2.72413e-06
2.72403e-06
2.72395e-06
2.72387e-06
2.72379e-06
2.72372e-06
2.72363e-06
2.72356e-06
2.72348e-06
2.72342e-06
2.72337e-06
2.72334e-06
2.7233e-06
2.72325e-06
2.7232e-06
2.72314e-06
2.72309e-06
2.72305e-06
2.723e-06
2.72296e-06
2.72293e-06
2.72289e-06
2.72286e-06
2.72282e-06
2.72279e-06
2.72276e-06
2.72274e-06
2.72272e-06
2.72271e-06
2.7227e-06
2.72269e-06
2.72268e-06
2.72267e-06
2.72265e-06
2.72263e-06
2.7226e-06
2.72258e-06
2.72256e-06
2.72255e-06
2.72254e-06
2.72253e-06
2.72252e-06
2.72252e-06
2.72251e-06
2.72251e-06
2.7225e-06
2.7225e-06
2.7225e-06
2.72249e-06
2.72249e-06
2.72249e-06
2.72249e-06
2.72249e-06
2.72249e-06
2.72248e-06
2.72248e-06
2.72248e-06
2.72248e-06
2.72248e-06
2.72248e-06
2.72248e-06
2.72248e-06
2.72248e-06
2.72248e-06
2.72248e-06
2.72248e-06
2.72248e-06
2.72248e-06
2.72248e-06
2.72248e-06
2.72248e-06
2.72248e-06
2.72248e-06
2.72248e-06
2.72248e-06
2.72248e-06
2.72248e-06
2.72248e-06
2.72248e-06
2.72248e-06
2.72248e-06
2.72248e-06
2.72248e-06
2.72248e-06
2.72248e-06
2.72248e-06
2.72248e-06
2.72248e-06
2.72248e-06
2.72248e-06
2.72248e-06
2.72248e-06
2.72248e-06
2.72248e-06
2.72248e-06
2.72248e-06
2.72248e-06
2.72248e-06
2.72248e-06
2.72248e-06
2.72248e-06
2.72248e-06
2.72248e-06
2.72248e-06
2.72248e-06
2.72248e-06
2.72248e-06
2.72248e-06
2.72248e-06
2.72248e-06
2.72248e-06
2.72248e-06
2.72248e-06
2.72248e-06
2.72248e-06
2.72248e-06
2.72248e-06
2.72248e-06
2.72248e-06
2.72248e-06
2.72248e-06
2.72248e-06
2.72248e-06
2.72248e-06
2.72248e-06
2.72248e-06
2.72248e-06
2.72248e-06
2.72248e-06
2.72248e-06
2.72248e-06
2.72248e-06
2.72248e-06
2.72248e-06
2.72248e-06
2.72248e-06
2.72248e-06
2.72248e-06
2.72248e-06
2.72248e-06
2.72248e-06
2.72248e-06
2.72248e-06
2.72248e-06
2.72248e-06
2.72248e-06
2.72248e-06
2.72248e-06
2.72248e-06
2.72248e-06
2.72248e-06
2.72248e-06
2.72248e-06
2.72248e-06
2.72248e-06
2.72248e-06
2.72248e-06
2.72248e-06
2.72248e-06
2.72248e-06
2.72248e-06
2.72248e-06
2.72248e-06
2.72248e-06
2.72248e-06
2.72248e-06
2.72248e-06
2.72248e-06
2.72248e-06
2.72248e-06
2.72248e-06
2.72248e-06
2.72248e-06
2.72248e-06
2.72248e-06
2.72248e-06
2.72248e-06
2.72248e-06
2.72248e-06
2.72248e-06
2.72248e-06
2.72248e-06
2.72248e-06
2.72248e-06
2.72248e-06
2.72248e-06
2.72248e-06
2.72248e-06
2.72248e-06
2.72248e-06
2.72248e-06
2.72248e-06
2.72248e-06
2.72248e-06
2.72248e-06
2.72248e-06
2.72248e-06
2.72248e-06
2.72248e-06
2.72248e-06
2.72248e-06
2.72248e-06
2.72248e-06
2.72248e-06
2.72248e-06
2.72248e-06
2.72248e-06
2.72248e-06
2.72248e-06
2.72248e-06
2.72248e-06
2.72248e-06
2.72248e-06
2.72248e-06
2.72248e-06
2.72248e-06
2.72248e-06
2.72248e-06
2.72248e-06
2.72248e-06
2.72248e-06
2.72248e-06
2.72248e-06
2.72248e-06
2.72248e-06
2.72248e-06
2.72248e-06
2.72248e-06
2.72248e-06
2.72248e-06
2.72248e-06
2.72248e-06
2.72248e-06
2.72248e-06
2.72248e-06
2.72248e-06
2.72248e-06
2.72248e-06
2.72248e-06
2.72248e-06
2.72248e-06
2.72248e-06
2.72248e-06
2.72248e-06
2.72248e-06
2.72248e-06
2.72248e-06
2.72248e-06
2.72248e-06
2.72248e-06
2.72248e-06
2.72248e-06
2.72248e-06
2.72248e-06
2.72248e-06
2.72248e-06
2.72248e-06
2.72248e-06
2.72248e-06
2.72248e-06
2.72248e-06
2.72248e-06
2.72248e-06
2.72248e-06
2.72248e-06
2.72248e-06
2.72248e-06
2.72248e-06
2.72248e-06
2.72248e-06
2.72248e-06
2.72248e-06
2.72248e-06
2.72248e-06
2.72248e-06
2.72248e-06
2.72248e-06
2.72248e-06
2.72248e-06
2.72248e-06
2.72248e-06
2.72248e-06
2.72248e-06
2.72248e-06
2.72248e-06
2.72248e-06
2.72248e-06
2.72248e-06
2.72248e-06
2.72248e-06
2.72248e-06
2.72248e-06
2.72248e-06
2.72248e-06
2.72248e-06
2.72248e-06
2.72248e-06
2.72248e-06
2.72248e-06
2.72248e-06
2.72248e-06
2.72248e-06
2.72248e-06
2.72248e-06
2.72248e-06
2.72248e-06
2.72248e-06
2.72248e-06
2.72248e-06
2.72248e-06
2.72248e-06
2.72248e-06
2.72248e-06
2.72248e-06
2.72248e-06
2.72248e-06
2.72248e-06
2.72248e-06
2.72248e-06
2.72248e-06
2.72248e-06
2.72248e-06
2.72248e-06
2.72248e-06
2.72248e-06
2.72248e-06
2.72248e-06
2.72248e-06
2.72248e-06
2.72248e-06
2.72248e-06
2.72248e-06
2.72248e-06
2.72248e-06
2.72248e-06
2.72248e-06
2.72248e-06
2.72248e-06
2.72248e-06
2.72248e-06
2.72248e-06
2.72248e-06
2.72248e-06
2.72248e-06
2.72248e-06
2.72248e-06
2.72248e-06
2.72248e-06
2.72248e-06
2.72248e-06
2.72248e-06
2.72248e-06
2.72248e-06
2.72248e-06
2.72248e-06
2.72248e-06
2.72248e-06
2.72248e-06
2.72248e-06
2.72248e-06
2.72248e-06
2.72248e-06
2.72248e-06
2.72248e-06
2.72248e-06
2.72248e-06
2.72248e-06
2.72248e-06
2.72248e-06
2.72248e-06
2.72248e-06
2.72248e-06
2.72248e-06
2.72248e-06
2.72248e-06
2.72248e-06
2.72248e-06
2.72248e-06
2.72248e-06
2.72248e-06
2.72248e-06
2.72248e-06
2.72248e-06
2.72248e-06
2.72248e-06
2.72248e-06
2.72248e-06
2.72248e-06
2.72248e-06
2.72248e-06
2.72248e-06
2.72248e-06
2.72248e-06
2.72248e-06
2.72248e-06
2.72248e-06
2.72248e-06
2.72248e-06
2.72248e-06
2.72248e-06
2.72248e-06
2.72248e-06
2.72248e-06
2.72248e-06
2.72248e-06
2.72248e-06
2.72248e-06
2.72248e-06
2.72248e-06
2.72248e-06
2.72248e-06
2.72248e-06
2.72248e-06
2.72248e-06
2.72248e-06
2.72248e-06
2.72248e-06
2.72248e-06
2.72248e-06
2.72248e-06
2.72248e-06
2.72248e-06
2.72248e-06
2.72248e-06
2.72248e-06
2.72248e-06
2.72248e-06
2.72248e-06
2.72248e-06
2.72248e-06
2.72248e-06
2.72248e-06
2.72248e-06
2.72248e-06
2.72248e-06
2.72248e-06
2.72248e-06
2.72248e-06
2.72248e-06
2.72248e-06
2.72248e-06
2.72248e-06
2.72248e-06
2.72248e-06
2.72248e-06
2.72248e-06
2.72248e-06
2.72248e-06
2.72248e-06
2.72248e-06
2.72248e-06
2.72248e-06
2.72248e-06
2.72248e-06
2.72248e-06
2.72248e-06
2.72248e-06
2.72248e-06
2.72248e-06
2.72248e-06
2.72248e-06
2.72248e-06
2.72248e-06
2.72248e-06
2.72248e-06
2.72248e-06
2.72248e-06
2.72248e-06
2.72248e-06
2.72248e-06
2.72248e-06
2.72248e-06
2.72248e-06
2.72248e-06
2.72248e-06
2.72248e-06
2.72248e-06
2.72248e-06
2.72248e-06
2.72248e-06
2.72248e-06
2.72248e-06
2.72248e-06
2.72248e-06
2.72248e-06
2.72248e-06
2.72248e-06
2.72248e-06
2.72248e-06
2.72248e-06
2.72248e-06
2.72248e-06
2.72248e-06
2.72248e-06
2.72248e-06
2.72248e-06
2.72248e-06
2.72248e-06
2.72248e-06
2.72248e-06
2.72248e-06
2.72248e-06
2.72248e-06
2.72248e-06
2.72248e-06
2.72248e-06
2.72248e-06
2.72248e-06
2.72248e-06
2.72248e-06
2.72248e-06
2.72248e-06
2.72248e-06
2.72248e-06
2.72248e-06
2.72248e-06
2.72248e-06
2.72248e-06
2.72248e-06
2.72248e-06
2.72248e-06
2.72248e-06
2.72248e-06
2.72248e-06
2.72248e-06
2.72248e-06
2.72248e-06
2.72248e-06
2.72248e-06
2.72248e-06
2.72248e-06
2.72248e-06
2.72248e-06
2.72248e-06
2.72248e-06
2.72248e-06
2.72248e-06
2.72248e-06
2.72248e-06
2.72248e-06
2.72248e-06
2.72248e-06
2.72248e-06
2.72248e-06
2.72248e-06
2.72248e-06
2.72248e-06
2.72248e-06
2.72248e-06
2.72248e-06
2.72248e-06
2.72248e-06
2.72248e-06
2.72248e-06
2.72248e-06
2.72248e-06
2.72248e-06
2.72248e-06
2.72248e-06
2.72248e-06
2.72248e-06
2.72248e-06
2.72248e-06
2.72248e-06
2.72248e-06
2.72248e-06
2.72248e-06
2.72248e-06
2.72248e-06
2.72248e-06
2.72248e-06
2.72248e-06
2.72248e-06
2.72248e-06
2.72248e-06
2.72248e-06
2.72248e-06
2.72248e-06
2.72248e-06
2.72248e-06
2.72248e-06
2.72248e-06
2.72248e-06
2.72248e-06
2.72248e-06
2.72248e-06
2.72248e-06
2.72248e-06
2.72248e-06
2.72248e-06
2.72248e-06
2.72248e-06
2.72248e-06
2.72248e-06
2.72248e-06
2.72248e-06
2.72248e-06
2.72248e-06
2.72248e-06
2.72248e-06
2.72248e-06
2.72248e-06
2.72248e-06
2.72248e-06
2.72248e-06
2.72248e-06
2.72248e-06
2.72248e-06
2.72248e-06
2.72248e-06
2.72248e-06
2.72248e-06
2.72248e-06
2.72248e-06
2.72248e-06
2.72248e-06
2.72248e-06
2.72248e-06
2.72248e-06
2.72248e-06
2.72248e-06
2.72248e-06
2.72248e-06
2.72248e-06
2.72248e-06
2.72248e-06
2.72248e-06
2.72248e-06
2.72248e-06
2.72248e-06
2.72248e-06
2.72248e-06
2.72248e-06
2.72248e-06
2.72248e-06
2.72248e-06
2.72248e-06
2.72248e-06
2.72248e-06
2.72248e-06
2.72248e-06
2.72248e-06
2.72248e-06
2.72248e-06
2.72248e-06
2.72248e-06
2.72248e-06
2.72248e-06
2.72248e-06
2.72248e-06
2.72248e-06
2.72248e-06
2.72248e-06
2.72248e-06
2.72248e-06
2.72248e-06
2.72248e-06
2.72248e-06
2.72248e-06
2.72248e-06
2.72248e-06
2.72248e-06
2.72248e-06
2.72248e-06
2.72248e-06
2.72248e-06
2.72248e-06
2.72248e-06
2.72248e-06
2.72248e-06
2.72248e-06
2.72248e-06
2.72248e-06
2.72248e-06
2.72248e-06
2.72248e-06
2.72248e-06
2.72248e-06
2.72248e-06
2.72248e-06
2.72248e-06
2.72248e-06
2.72248e-06
2.72248e-06
2.72248e-06
2.72248e-06
2.72248e-06
2.72248e-06
2.72248e-06
2.72248e-06
2.72248e-06
2.72248e-06
2.72248e-06
2.72248e-06
2.72248e-06
2.72248e-06
2.72248e-06
2.72248e-06
2.72248e-06
2.72248e-06
2.72248e-06
2.72248e-06
2.72248e-06
2.72248e-06
2.72248e-06
2.72248e-06
2.72248e-06
2.72248e-06
2.72248e-06
2.72248e-06
2.72248e-06
2.72248e-06
2.72248e-06
2.72248e-06
2.72248e-06
2.72248e-06
2.72248e-06
2.72248e-06
2.72248e-06
2.72248e-06
2.72248e-06
2.72248e-06
2.72248e-06
2.72248e-06
2.72248e-06
2.72248e-06
2.72248e-06
2.72248e-06
2.72248e-06
2.72248e-06
2.72248e-06
2.72248e-06
2.72248e-06
2.72248e-06
2.72248e-06
2.72248e-06
2.72248e-06
2.72248e-06
2.72248e-06
2.72248e-06
2.72248e-06
2.72248e-06
2.72248e-06
2.72248e-06
2.72248e-06
2.72248e-06
2.72248e-06
2.72248e-06
2.72248e-06
2.72248e-06
2.72248e-06
2.72248e-06
2.72248e-06
2.72248e-06
2.72248e-06
2.72248e-06
2.72248e-06
2.72248e-06
2.72248e-06
2.72248e-06
2.72248e-06
2.72248e-06
2.72248e-06
2.72248e-06
2.72248e-06
2.72248e-06
2.72248e-06
2.72248e-06
2.72248e-06
2.72248e-06
2.72248e-06
2.72248e-06
2.72248e-06
2.72248e-06
2.72248e-06
2.72248e-06
2.72248e-06
2.72248e-06
2.72248e-06
2.72248e-06
2.72248e-06
2.72248e-06
2.72248e-06
2.72248e-06
2.72248e-06
2.72248e-06
2.72248e-06
2.72248e-06
2.72248e-06
2.72248e-06
2.72248e-06
2.72248e-06
2.72248e-06
2.72248e-06
2.72248e-06
2.72248e-06
2.72248e-06
2.72248e-06
2.72248e-06
2.72248e-06
2.72248e-06
2.72248e-06
2.72248e-06
2.72248e-06
2.72248e-06
2.72248e-06
2.72248e-06
2.72248e-06
2.72248e-06
2.72248e-06
2.72248e-06
2.72248e-06
2.72248e-06
2.72248e-06
2.72248e-06
2.72248e-06
2.72248e-06
2.72248e-06
2.72248e-06
2.72248e-06
2.72248e-06
2.72248e-06
2.72248e-06
2.72248e-06
2.72248e-06
2.72248e-06
2.72248e-06
2.72248e-06
2.72248e-06
2.72248e-06
2.72248e-06
2.72248e-06
2.72248e-06
2.72248e-06
2.72248e-06
2.72248e-06
2.72248e-06
2.72248e-06
2.72248e-06
2.72248e-06
2.72248e-06
2.72248e-06
2.72248e-06
2.72248e-06
2.72248e-06
2.72248e-06
2.72248e-06
2.72248e-06
2.72248e-06
2.72248e-06
2.72248e-06
2.72248e-06
2.72248e-06
2.72248e-06
2.72248e-06
2.72248e-06
2.72248e-06
2.72248e-06
2.72248e-06
2.72248e-06
2.72248e-06
2.72248e-06
2.72248e-06
2.72248e-06
2.72248e-06
2.72248e-06
2.72248e-06
2.72248e-06
2.72248e-06
2.72248e-06
2.72248e-06
2.72248e-06
2.72248e-06
2.72248e-06
2.72248e-06
2.72248e-06
2.72248e-06
2.72248e-06
2.72248e-06
2.72248e-06
2.72248e-06
2.72248e-06
2.72248e-06
2.72248e-06
2.72248e-06
2.72248e-06
2.72248e-06
2.72248e-06
2.72248e-06
2.72248e-06
2.72248e-06
2.72248e-06
2.72248e-06
2.72248e-06
2.72248e-06
2.72248e-06
2.72248e-06
2.72248e-06
2.72248e-06
2.72248e-06
2.72248e-06
2.72248e-06
2.72248e-06
2.72248e-06
2.72248e-06
2.72248e-06
2.72248e-06
2.72248e-06
2.72248e-06
2.72248e-06
2.72248e-06
2.72248e-06
2.72248e-06
2.72248e-06
2.72248e-06
2.72248e-06
2.72248e-06
2.72248e-06
2.72248e-06
2.72248e-06
2.72248e-06
2.72248e-06
2.72248e-06
2.72248e-06
2.72248e-06
2.72248e-06
2.72248e-06
2.72248e-06
2.72248e-06
2.72248e-06
2.72248e-06
2.72248e-06
2.72248e-06
2.72248e-06
2.72248e-06
2.72248e-06
2.72248e-06
2.72248e-06
2.72248e-06
2.72248e-06
2.72248e-06
2.72248e-06
2.72248e-06
2.72248e-06
2.72248e-06
2.72248e-06
2.72248e-06
2.72248e-06
2.72248e-06
2.72248e-06
2.72248e-06
2.72248e-06
2.72248e-06
2.72248e-06
2.72248e-06
2.72248e-06
2.72248e-06
2.72248e-06
2.72248e-06
2.72248e-06
2.72248e-06
2.72248e-06
2.72248e-06
2.72248e-06
2.72248e-06
2.72248e-06
2.72248e-06
2.72248e-06
2.72248e-06
2.72248e-06
2.72248e-06
2.72248e-06
2.72248e-06
2.72248e-06
2.72248e-06
2.72248e-06
2.72248e-06
2.72248e-06
2.72248e-06
2.72248e-06
2.72248e-06
2.72248e-06
2.72248e-06
2.72248e-06
2.72248e-06
2.72248e-06
2.72248e-06
2.72248e-06
2.72248e-06
2.72248e-06
2.72248e-06
2.72248e-06
2.72248e-06
2.72248e-06
2.72248e-06
2.72248e-06
2.72248e-06
2.72248e-06
2.72248e-06
2.72248e-06
2.72248e-06
2.72248e-06
2.72248e-06
2.72248e-06
2.72248e-06
2.72248e-06
2.72248e-06
2.72248e-06
2.72248e-06
2.72248e-06
2.72248e-06
2.72248e-06
2.72248e-06
2.72248e-06
2.72248e-06
2.72248e-06
2.72248e-06
2.72248e-06
2.72248e-06
2.72248e-06
2.72248e-06
2.72248e-06
2.72248e-06
2.72248e-06
2.72248e-06
2.72248e-06
2.72248e-06
2.72248e-06
2.72248e-06
2.72248e-06
2.72248e-06
2.72248e-06
2.72248e-06
2.72248e-06
2.72248e-06
2.72248e-06
2.72248e-06
2.72248e-06
2.72248e-06
2.72248e-06
2.72248e-06
2.72248e-06
2.72248e-06
2.72248e-06
2.72248e-06
2.72248e-06
2.72248e-06
2.72248e-06
2.72248e-06
2.72248e-06
2.72248e-06
2.72248e-06
2.72248e-06
2.72248e-06
2.72248e-06
2.72248e-06
2.72248e-06
2.72248e-06
2.72248e-06
2.72248e-06
2.72248e-06
2.72248e-06
2.72248e-06
2.72248e-06
2.72248e-06
2.72248e-06
2.72248e-06
2.72248e-06
2.72248e-06
2.72248e-06
2.72248e-06
2.72248e-06
2.72248e-06
2.72248e-06
2.72248e-06
2.72248e-06
2.72248e-06
2.72248e-06
2.72248e-06
2.72248e-06
2.72248e-06
2.72248e-06
2.72248e-06
2.72248e-06
2.72248e-06
2.72248e-06
2.72248e-06
2.72248e-06
2.72248e-06
2.72248e-06
2.72248e-06
2.72248e-06
2.72248e-06
2.72248e-06
2.72248e-06
2.72248e-06
2.72248e-06
2.72248e-06
2.72248e-06
2.72248e-06
2.72248e-06
2.72248e-06
2.72248e-06
2.72248e-06
2.72248e-06
2.72248e-06
2.72248e-06
2.72248e-06
2.72248e-06
2.72248e-06
2.72248e-06
2.72248e-06
2.72248e-06
2.72248e-06
2.72248e-06
2.72248e-06
2.72248e-06
2.72248e-06
2.72248e-06
2.72248e-06
2.72248e-06
2.72248e-06
2.72248e-06
2.72248e-06
2.72248e-06
2.72248e-06
2.72248e-06
2.72248e-06
2.72248e-06
2.72248e-06
2.72248e-06
2.72248e-06
2.72248e-06
2.72248e-06
2.72248e-06
2.72248e-06
2.72248e-06
2.72248e-06
2.72248e-06
2.72248e-06
2.72248e-06
2.72248e-06
2.72248e-06
2.72248e-06
2.72248e-06
2.72248e-06
2.72248e-06
2.72248e-06
2.72248e-06
2.72248e-06
2.72248e-06
2.72248e-06
2.72248e-06
2.72248e-06
2.72248e-06
2.72248e-06
2.72248e-06
2.72248e-06
2.72248e-06
2.72248e-06
2.72248e-06
2.72248e-06
2.72248e-06
2.72248e-06
2.72248e-06
2.72248e-06
2.72248e-06
2.72248e-06
2.72248e-06
2.72248e-06
2.72248e-06
2.72248e-06
2.72248e-06
2.72248e-06
2.72248e-06
2.72248e-06
2.72248e-06
2.72248e-06
2.72248e-06
2.72248e-06
2.72248e-06
2.72248e-06
2.72248e-06
2.72248e-06
2.72248e-06
2.72248e-06
2.72248e-06
2.72248e-06
2.72248e-06
2.72248e-06
2.72248e-06
2.72248e-06
2.72248e-06
2.72248e-06
2.72248e-06
2.72248e-06
2.72248e-06
2.72248e-06
2.72248e-06
2.72248e-06
2.72248e-06
2.72248e-06
2.72248e-06
2.72248e-06
2.72248e-06
2.72248e-06
2.72248e-06
2.72248e-06
2.72248e-06
2.72248e-06
2.72248e-06
2.72248e-06
2.72248e-06
2.72248e-06
2.72248e-06
2.72248e-06
2.72248e-06
2.72248e-06
2.72248e-06
2.72248e-06
2.72248e-06
2.72248e-06
2.72248e-06
2.72248e-06
2.72248e-06
2.72248e-06
2.72248e-06
2.72248e-06
2.72248e-06
2.72248e-06
2.72248e-06
2.72248e-06
2.72248e-06
2.72248e-06
2.72248e-06
2.72248e-06
2.72248e-06
2.72248e-06
2.72248e-06
2.72248e-06
2.72248e-06
2.72248e-06
2.72248e-06
2.72248e-06
2.72248e-06
2.72248e-06
2.72248e-06
2.72248e-06
2.72248e-06
2.72248e-06
2.72248e-06
2.72248e-06
2.72248e-06
2.72248e-06
2.72248e-06
2.72248e-06
2.72248e-06
2.72248e-06
2.72248e-06
2.72248e-06
2.72248e-06
2.72248e-06
2.72248e-06
2.72248e-06
2.72248e-06
2.72248e-06
2.72248e-06
2.72248e-06
2.72248e-06
2.72248e-06
2.72248e-06
2.72248e-06
2.72248e-06
2.72248e-06
2.72248e-06
2.72248e-06
2.72248e-06
2.72248e-06
2.72248e-06
2.72248e-06
2.72248e-06
2.72248e-06
2.72248e-06
2.72248e-06
2.72248e-06
2.72248e-06
2.72248e-06
2.72248e-06
2.72248e-06
2.72248e-06
2.72248e-06
2.72248e-06
2.72248e-06
2.72248e-06
2.72248e-06
2.72248e-06
2.72248e-06
2.72248e-06
2.72248e-06
2.72248e-06
2.72248e-06
2.72248e-06
2.72248e-06
2.72248e-06
2.72248e-06
2.72248e-06
2.72248e-06
2.72248e-06
2.72248e-06
2.72248e-06
2.72248e-06
2.72248e-06
2.72248e-06
2.72248e-06
2.72248e-06
2.72248e-06
2.72248e-06
2.72248e-06
2.72248e-06
2.72248e-06
2.72248e-06
2.72248e-06
2.72248e-06
2.72248e-06
2.72248e-06
2.72248e-06
2.72248e-06
2.72248e-06
2.72248e-06
2.72248e-06
2.72248e-06
2.72248e-06
2.72248e-06
2.72248e-06
2.72248e-06
2.72248e-06
2.72248e-06
2.72248e-06
2.72248e-06
2.72248e-06
2.72248e-06
2.72248e-06
2.72248e-06
2.72248e-06
2.72248e-06
2.72248e-06
2.72248e-06
2.72248e-06
2.72248e-06
2.72248e-06
2.72248e-06
2.72248e-06
2.72248e-06
2.72248e-06
2.72248e-06
2.72248e-06
2.72248e-06
2.72248e-06
2.72248e-06
2.72248e-06
2.72248e-06
2.72248e-06
2.72248e-06
2.72248e-06
2.72248e-06
2.72248e-06
2.72248e-06
2.72248e-06
2.72248e-06
2.72248e-06
2.72248e-06
2.72248e-06
2.72248e-06
2.72248e-06
2.72248e-06
2.72248e-06
2.72248e-06
2.72248e-06
2.72248e-06
2.72248e-06
2.72248e-06
2.72248e-06
2.72248e-06
2.72248e-06
2.72248e-06
2.72248e-06
2.72248e-06
2.72248e-06
2.72248e-06
2.72248e-06
2.72248e-06
2.72248e-06
2.72248e-06
2.72248e-06
2.72248e-06
2.72248e-06
2.72248e-06
2.72248e-06
2.72248e-06
2.72248e-06
2.72248e-06
2.72248e-06
2.72248e-06
2.72248e-06
2.72248e-06
2.72248e-06
2.72248e-06
2.72248e-06
2.72248e-06
2.72248e-06
2.72248e-06
2.72248e-06
2.72248e-06
2.72248e-06
2.72248e-06
2.72248e-06
2.72248e-06
2.72248e-06
2.72248e-06
2.72248e-06
2.72248e-06
2.72248e-06
2.72248e-06
2.72248e-06
2.72248e-06
2.72248e-06
2.72248e-06
2.72248e-06
2.72248e-06
2.72248e-06
2.72248e-06
2.72248e-06
2.72248e-06
2.72248e-06
2.72248e-06
2.72248e-06
2.72248e-06
2.72248e-06
2.72248e-06
2.72248e-06
2.72248e-06
2.72248e-06
2.72248e-06
2.72248e-06
2.72248e-06
2.72248e-06
2.72248e-06
2.72248e-06
2.72248e-06
2.72248e-06
2.72248e-06
2.72248e-06
2.72248e-06
2.72248e-06
2.72248e-06
2.72248e-06
2.72248e-06
2.72248e-06
2.72248e-06
2.72248e-06
2.72248e-06
2.72248e-06
2.72248e-06
2.72248e-06
2.72248e-06
2.72248e-06
2.72248e-06
2.72248e-06
2.72248e-06
2.72248e-06
2.72248e-06
2.72248e-06
2.72248e-06
2.72248e-06
2.72248e-06
2.72248e-06
2.72248e-06
2.72248e-06
2.72248e-06
2.72248e-06
2.72248e-06
2.72248e-06
2.72248e-06
2.72248e-06
2.72248e-06
2.72248e-06
2.72248e-06
2.72248e-06
2.72248e-06
2.72248e-06
2.72248e-06
2.72248e-06
2.72248e-06
2.72248e-06
2.72248e-06
2.72248e-06
2.72248e-06
2.72248e-06
2.72248e-06
2.72248e-06
2.72248e-06
2.72248e-06
2.72248e-06
2.72248e-06
2.72248e-06
2.72248e-06
2.72248e-06
2.72248e-06
2.72248e-06
2.72248e-06
2.72248e-06
2.72248e-06
2.72248e-06
2.72248e-06
2.72248e-06
2.72248e-06
2.72248e-06
2.72248e-06
2.72248e-06
2.72248e-06
2.72248e-06
2.72248e-06
2.72248e-06
2.72248e-06
2.72248e-06
2.72248e-06
2.72248e-06
2.72248e-06
2.72248e-06
2.72248e-06
2.72248e-06
2.72248e-06
2.72248e-06
2.72248e-06
2.72248e-06
2.72248e-06
2.72248e-06
2.72248e-06
2.72248e-06
2.72248e-06
2.72248e-06
2.72248e-06
2.72248e-06
2.72248e-06
2.72248e-06
2.72248e-06
2.72248e-06
2.72248e-06
2.72248e-06
2.72248e-06
2.72248e-06
2.72248e-06
2.72248e-06
2.72248e-06
2.72248e-06
2.72248e-06
2.72248e-06
2.72248e-06
2.72248e-06
2.72248e-06
2.72248e-06
2.72248e-06
2.72248e-06
2.72248e-06
2.72248e-06
2.72248e-06
2.72248e-06
2.72248e-06
2.72248e-06
2.72248e-06
2.72248e-06
2.72248e-06
2.72248e-06
2.72248e-06
2.72248e-06
2.72248e-06
2.72248e-06
2.72248e-06
2.72248e-06
2.72248e-06
2.72248e-06
2.72248e-06
2.72248e-06
2.72248e-06
2.72248e-06
2.72248e-06
2.72248e-06
2.72248e-06
2.72248e-06
2.72248e-06
2.72248e-06
2.72248e-06
2.72248e-06
2.72248e-06
2.72248e-06
2.72248e-06
2.72248e-06
2.72248e-06
2.72248e-06
2.72248e-06
2.72248e-06
2.72248e-06
2.72248e-06
2.72248e-06
2.72248e-06
2.72248e-06
2.72248e-06
2.72248e-06
2.72248e-06
2.72248e-06
2.72248e-06
2.72248e-06
2.72248e-06
2.72248e-06
2.72248e-06
2.72248e-06
2.72248e-06
2.72248e-06
2.72248e-06
2.72248e-06
2.72248e-06
2.72248e-06
2.72248e-06
2.72248e-06
2.72248e-06
2.72248e-06
2.72248e-06
2.72248e-06
2.72248e-06
2.72248e-06
2.72248e-06
2.72248e-06
2.72248e-06
2.72248e-06
2.72248e-06
2.72248e-06
2.72248e-06
2.72248e-06
2.72248e-06
2.72248e-06
2.72248e-06
2.72248e-06
2.72248e-06
2.72248e-06
2.72248e-06
2.72248e-06
2.72248e-06
2.72248e-06
2.72248e-06
2.72248e-06
2.72248e-06
2.72248e-06
2.72248e-06
2.72248e-06
2.72248e-06
2.72248e-06
2.72248e-06
2.72248e-06
2.72248e-06
2.72248e-06
2.72248e-06
2.72248e-06
2.72248e-06
2.72248e-06
2.72248e-06
2.72248e-06
2.72248e-06
2.72248e-06
2.72248e-06
2.72248e-06
2.72248e-06
2.72248e-06
2.72248e-06
2.72248e-06
2.72248e-06
2.72248e-06
2.72248e-06
2.72248e-06
2.72248e-06
2.72248e-06
2.72248e-06
2.72248e-06
2.72248e-06
2.72248e-06
2.72248e-06
2.72248e-06
2.72248e-06
2.72248e-06
2.72248e-06
2.72248e-06
2.72248e-06
2.72248e-06
2.72248e-06
2.72248e-06
2.72248e-06
2.72248e-06
2.72248e-06
2.72248e-06
2.72248e-06
2.72248e-06
2.72248e-06
2.72248e-06
2.72248e-06
2.72248e-06
2.72248e-06
2.72248e-06
2.72248e-06
2.72248e-06
2.72248e-06
2.72248e-06
2.72248e-06
2.72248e-06
2.72248e-06
2.72248e-06
2.72248e-06
2.72248e-06
2.72248e-06
2.72248e-06
2.72248e-06
2.72248e-06
2.72248e-06
2.72248e-06
2.72248e-06
2.72248e-06
2.72248e-06
2.72248e-06
2.72248e-06
2.72248e-06
2.72248e-06
2.72248e-06
2.72248e-06
2.72248e-06
2.72248e-06
2.72248e-06
2.72248e-06
2.72248e-06
2.72248e-06
2.72248e-06
2.72248e-06
2.72248e-06
2.72248e-06
2.72248e-06
2.72248e-06
2.72248e-06
2.72248e-06
2.72248e-06
2.72248e-06
2.72248e-06
2.72248e-06
2.72248e-06
2.72248e-06
2.72248e-06
2.72248e-06
2.72248e-06
2.72248e-06
2.72248e-06
2.72248e-06
2.72248e-06
2.72248e-06
2.72248e-06
2.72248e-06
2.72248e-06
2.72248e-06
2.72248e-06
2.72248e-06
2.72248e-06
2.72248e-06
2.72248e-06
2.72248e-06
2.72248e-06
2.72248e-06
2.72248e-06
2.72248e-06
2.72248e-06
2.72248e-06
2.72248e-06
2.72248e-06
2.72248e-06
2.72248e-06
2.72248e-06
2.72248e-06
2.72248e-06
2.72248e-06
2.72248e-06
2.72248e-06
2.72248e-06
2.72248e-06
2.72248e-06
2.72248e-06
2.72248e-06
2.72248e-06
2.72248e-06
2.72248e-06
2.72248e-06
2.72248e-06
2.72248e-06
2.72248e-06
2.72248e-06
2.72248e-06
2.72248e-06
2.72248e-06
2.72248e-06
2.72248e-06
2.72248e-06
2.72248e-06
2.72248e-06
2.72248e-06
2.72248e-06
2.72248e-06
2.72248e-06
2.72248e-06
2.72248e-06
2.72248e-06
2.72248e-06
2.72248e-06
2.72248e-06
2.72248e-06
2.72248e-06
2.72248e-06
2.72248e-06
2.72248e-06
2.72248e-06
2.72248e-06
2.72248e-06
2.72248e-06
2.72248e-06
2.72248e-06
2.72248e-06
2.72248e-06
2.72248e-06
2.72248e-06
2.72248e-06
2.72248e-06
2.72248e-06
2.72248e-06
2.72248e-06
2.72248e-06
2.72248e-06
2.72248e-06
2.72248e-06
2.72248e-06
2.72248e-06
2.72248e-06
2.72248e-06
2.72248e-06
2.72248e-06
2.72248e-06
2.72248e-06
2.72248e-06
2.72248e-06
2.72248e-06
2.72248e-06
2.72248e-06
2.72248e-06
2.72248e-06
2.72248e-06
2.72248e-06
2.72248e-06
2.72248e-06
2.72248e-06
2.72248e-06
2.72248e-06
2.72248e-06
2.72248e-06
2.72248e-06
2.72248e-06
2.72248e-06
2.72248e-06
2.72248e-06
2.72248e-06
2.72248e-06
2.72248e-06
2.72248e-06
2.72248e-06
2.72248e-06
2.72248e-06
2.72248e-06
2.72248e-06
2.72248e-06
2.72248e-06
2.72248e-06
2.72248e-06
2.72248e-06
2.72248e-06
2.72248e-06
2.72248e-06
2.72248e-06
2.72248e-06
2.72248e-06
2.72248e-06
2.72248e-06
2.72248e-06
2.72248e-06
2.72248e-06
2.72248e-06
2.72248e-06
2.72248e-06
2.72248e-06
2.72248e-06
2.72248e-06
2.72248e-06
2.72248e-06
2.72248e-06
2.72248e-06
2.72248e-06
2.72248e-06
2.72248e-06
2.72248e-06
2.72248e-06
2.72248e-06
2.72248e-06
2.72248e-06
2.72248e-06
2.72248e-06
2.72248e-06
2.72248e-06
2.72248e-06
2.72248e-06
2.72248e-06
2.72248e-06
2.72248e-06
2.72248e-06
2.72248e-06
2.72248e-06
2.72248e-06
2.72248e-06
2.72248e-06
2.72248e-06
2.72248e-06
2.72248e-06
2.72248e-06
2.72248e-06
2.72248e-06
2.72248e-06
2.72248e-06
2.72248e-06
2.72248e-06
2.72248e-06
2.72248e-06
2.72248e-06
2.72248e-06
2.72248e-06
2.72248e-06
2.72248e-06
2.72248e-06
2.72248e-06
2.72248e-06
2.72248e-06
2.72248e-06
2.72248e-06
2.72248e-06
2.72248e-06
2.72248e-06
2.72248e-06
2.72248e-06
2.72248e-06
2.72248e-06
2.72248e-06
2.72248e-06
2.72248e-06
2.72248e-06
2.72248e-06
2.72248e-06
2.72248e-06
2.72248e-06
2.72248e-06
2.72248e-06
2.72248e-06
2.72248e-06
2.72248e-06
2.72248e-06
2.72248e-06
2.72248e-06
2.72248e-06
2.72248e-06
2.72248e-06
2.72248e-06
2.72248e-06
2.72248e-06
2.72248e-06
2.72248e-06
2.72248e-06
2.72248e-06
2.72248e-06
2.72248e-06
2.72248e-06
2.72248e-06
2.72248e-06
2.72248e-06
2.72248e-06
2.72248e-06
2.72248e-06
2.72248e-06
2.72248e-06
2.72248e-06
2.72248e-06
2.72248e-06
2.72248e-06
2.72248e-06
2.72248e-06
2.72248e-06
2.72248e-06
2.72248e-06
2.72248e-06
2.72248e-06
2.72248e-06
2.72248e-06
2.72248e-06
2.72248e-06
2.72248e-06
2.72248e-06
2.72248e-06
2.72248e-06
2.72248e-06
2.72248e-06
2.72248e-06
2.72248e-06
2.72248e-06
2.72248e-06
2.72248e-06
2.72248e-06
2.72248e-06
2.72248e-06
2.72248e-06
2.72248e-06
2.72248e-06
2.72248e-06
2.72248e-06
2.72248e-06
2.72248e-06
2.72248e-06
2.72248e-06
2.72248e-06
2.72248e-06
2.72248e-06
2.72248e-06
2.72248e-06
2.72248e-06
2.72248e-06
2.72248e-06
2.72248e-06
2.72248e-06
2.72248e-06
2.72248e-06
2.72248e-06
2.72248e-06
2.72248e-06
2.72248e-06
2.72248e-06
2.72248e-06
2.72248e-06
2.72248e-06
2.72248e-06
2.72248e-06
2.72248e-06
2.72248e-06
2.72248e-06
2.72248e-06
2.72248e-06
2.72248e-06
2.72248e-06
2.72248e-06
2.72248e-06
2.72248e-06
2.72248e-06
2.72248e-06
2.72248e-06
2.72248e-06
2.72248e-06
2.72248e-06
2.72248e-06
2.72248e-06
2.72248e-06
2.72248e-06
2.72248e-06
2.72248e-06
2.72248e-06
2.72248e-06
2.72248e-06
2.72248e-06
2.72248e-06
2.72248e-06
2.72248e-06
2.72248e-06
2.72248e-06
2.72248e-06
2.72248e-06
2.72248e-06
2.72248e-06
2.72248e-06
2.72248e-06
2.72248e-06
2.72248e-06
2.72248e-06
2.72248e-06
2.72248e-06
2.72248e-06
2.72248e-06
2.72248e-06
2.72248e-06
2.72248e-06
2.72248e-06
2.72248e-06
2.72248e-06
2.72248e-06
2.72248e-06
2.72248e-06
2.72248e-06
2.72248e-06
2.72248e-06
2.72248e-06
2.72248e-06
2.72248e-06
2.72248e-06
2.72248e-06
2.72248e-06
2.72248e-06
2.72248e-06
2.72248e-06
2.72248e-06
2.72248e-06
2.72248e-06
2.72248e-06
2.72248e-06
2.72248e-06
2.72248e-06
2.72248e-06
2.72248e-06
2.72248e-06
2.72248e-06
2.72248e-06
2.72248e-06
2.72248e-06
2.72248e-06
2.72248e-06
2.72248e-06
2.72248e-06
2.72248e-06
2.72248e-06
2.72248e-06
2.72248e-06
2.72248e-06
2.72248e-06
2.72248e-06
2.72248e-06
2.72248e-06
2.72248e-06
2.72248e-06
2.72248e-06
2.72248e-06
2.72248e-06
2.72248e-06
2.72248e-06
2.72248e-06
2.72248e-06
2.72248e-06
2.72248e-06
2.72248e-06
2.72248e-06
2.72248e-06
2.72248e-06
2.72248e-06
2.72248e-06
2.72248e-06
2.72248e-06
2.72248e-06
2.72248e-06
2.72248e-06
2.72248e-06
2.72248e-06
2.72248e-06
2.72248e-06
2.72248e-06
2.72248e-06
2.72248e-06
2.72248e-06
2.72248e-06
2.72248e-06
2.72248e-06
2.72248e-06
2.72248e-06
2.72248e-06
2.72248e-06
2.72248e-06
2.72248e-06
2.72248e-06
2.72248e-06
2.72248e-06
2.72248e-06
2.72248e-06
2.72248e-06
2.72248e-06
2.72248e-06
2.72248e-06
2.72248e-06
2.72248e-06
2.72248e-06
2.72248e-06
2.72248e-06
2.72248e-06
2.72248e-06
2.72248e-06
2.72248e-06
2.72248e-06
2.72248e-06
2.72248e-06
2.72248e-06
2.72248e-06
2.72248e-06
2.72248e-06
2.72248e-06
2.72248e-06
2.72248e-06
2.72248e-06
2.72248e-06
2.72248e-06
2.72248e-06
2.72248e-06
2.72248e-06
2.72248e-06
2.72248e-06
2.72248e-06
2.72248e-06
2.72248e-06
2.72248e-06
2.72248e-06
2.72248e-06
2.72248e-06
2.72248e-06
2.72248e-06
2.72248e-06
2.72248e-06
2.72248e-06
2.72248e-06
2.72248e-06
2.72248e-06
2.72248e-06
2.72248e-06
2.72248e-06
2.72248e-06
2.72248e-06
2.72248e-06
2.72248e-06
2.72248e-06
2.72248e-06
2.72248e-06
2.72248e-06
2.72248e-06
2.72248e-06
2.72248e-06
2.72248e-06
2.72248e-06
2.72248e-06
2.72248e-06
2.72248e-06
2.72248e-06
2.72248e-06
2.72248e-06
2.72248e-06
2.72248e-06
2.72248e-06
2.72248e-06
2.72248e-06
2.72248e-06
2.72248e-06
2.72248e-06
2.72248e-06
2.72248e-06
2.72248e-06
2.72248e-06
2.72248e-06
2.72248e-06
2.72248e-06
2.72248e-06
2.72248e-06
2.72248e-06
2.72248e-06
2.72248e-06
2.72248e-06
2.72248e-06
2.72248e-06
2.72248e-06
2.72248e-06
2.72248e-06
2.72248e-06
2.72248e-06
2.72248e-06
2.72248e-06
2.72248e-06
2.72248e-06
2.72248e-06
2.72248e-06
2.72248e-06
2.72248e-06
2.72248e-06
2.72248e-06
2.72248e-06
2.72248e-06
2.72248e-06
2.72248e-06
2.72248e-06
2.72248e-06
2.72248e-06
2.72248e-06
2.72248e-06
2.72248e-06
2.72248e-06
2.72248e-06
2.72248e-06
2.72248e-06
2.72248e-06
2.72248e-06
2.72248e-06
2.72248e-06
2.72248e-06
2.72248e-06
2.72248e-06
2.72248e-06
2.72248e-06
2.72248e-06
2.72248e-06
2.72248e-06
2.72248e-06
2.72248e-06
2.72248e-06
2.72248e-06
2.72248e-06
2.72248e-06
2.72248e-06
2.72248e-06
2.72248e-06
2.72248e-06
2.72248e-06
2.72248e-06
2.72248e-06
2.72248e-06
2.72248e-06
2.72248e-06
2.72248e-06
2.72248e-06
2.72248e-06
2.72248e-06
2.72248e-06
2.72248e-06
2.72248e-06
2.72248e-06
2.72248e-06
2.72248e-06
2.72248e-06
2.72248e-06
2.72248e-06
2.72248e-06
2.72248e-06
2.72248e-06
2.72248e-06
2.72248e-06
2.72248e-06
2.72248e-06
2.72248e-06
2.72248e-06
2.72248e-06
2.72248e-06
2.72248e-06
2.72248e-06
2.72248e-06
2.72248e-06
2.72248e-06
2.72248e-06
2.72248e-06
2.72248e-06
2.72248e-06
2.72248e-06
2.72248e-06
2.72248e-06
2.72248e-06
2.72248e-06
2.72248e-06
2.72248e-06
2.72248e-06
2.72248e-06
2.72248e-06
2.72248e-06
2.72248e-06
2.72248e-06
2.72248e-06
2.72248e-06
2.72248e-06
2.72248e-06
2.72248e-06
2.72248e-06
2.72248e-06
2.72248e-06
2.72248e-06
2.72248e-06
2.72248e-06
2.72248e-06
2.72248e-06
2.72248e-06
2.72248e-06
2.72248e-06
2.72248e-06
2.72248e-06
2.72248e-06
2.72248e-06
2.72248e-06
2.72248e-06
2.72248e-06
2.72248e-06
2.72248e-06
2.72248e-06
2.72248e-06
2.72248e-06
2.72248e-06
2.72248e-06
2.72248e-06
2.72248e-06
2.72248e-06
2.72248e-06
2.72248e-06
2.72248e-06
2.72248e-06
2.72248e-06
2.72248e-06
2.72248e-06
2.72248e-06
2.72248e-06
2.72248e-06
2.72248e-06
2.72248e-06
2.72248e-06
2.72248e-06
2.72248e-06
2.72248e-06
2.72248e-06
2.72248e-06
2.72248e-06
2.72248e-06
2.72248e-06
2.72248e-06
2.72248e-06
2.72248e-06
2.72248e-06
2.72248e-06
2.72248e-06
2.72248e-06
2.72248e-06
2.72248e-06
2.72248e-06
2.72248e-06
2.72248e-06
2.72248e-06
2.72248e-06
2.72248e-06
2.72248e-06
2.72248e-06
2.72248e-06
2.72248e-06
2.72248e-06
2.72248e-06
2.72248e-06
2.72248e-06
2.72248e-06
2.72248e-06
2.72248e-06
2.72248e-06
2.72248e-06
2.72248e-06
2.72248e-06
2.72248e-06
2.72248e-06
2.72248e-06
2.72248e-06
2.72248e-06
2.72248e-06
2.72248e-06
2.72248e-06
2.72248e-06
2.72248e-06
2.72248e-06
2.72248e-06
2.72248e-06
2.72248e-06
2.72248e-06
2.72248e-06
2.72248e-06
2.72248e-06
2.72248e-06
2.72248e-06
2.72248e-06
2.72248e-06
2.72248e-06
2.72248e-06
2.72248e-06
2.72248e-06
2.72248e-06
2.72248e-06
2.72248e-06
2.72248e-06
2.72248e-06
2.72248e-06
2.72248e-06
2.72248e-06
2.72248e-06
2.72248e-06
2.72248e-06
2.72248e-06
2.72248e-06
2.72248e-06
2.72248e-06
2.72248e-06
2.72248e-06
2.72248e-06
2.72248e-06
2.72248e-06
2.72248e-06
2.72248e-06
2.72248e-06
2.72248e-06
2.72248e-06
2.72248e-06
2.72248e-06
2.72248e-06
2.72248e-06
2.72248e-06
2.72248e-06
2.72248e-06
2.72248e-06
2.72248e-06
2.72248e-06
2.72248e-06
2.72248e-06
2.72248e-06
2.72248e-06
2.72248e-06
2.72248e-06
2.72248e-06
2.72248e-06
2.72248e-06
2.72248e-06
2.72248e-06
2.72248e-06
2.72248e-06
2.72248e-06
2.72248e-06
2.72248e-06
2.72248e-06
2.72248e-06
2.72248e-06
2.72248e-06
2.72248e-06
2.72248e-06
2.72248e-06
2.72248e-06
2.72248e-06
2.72248e-06
2.72248e-06
2.72248e-06
2.72248e-06
2.72248e-06
2.72248e-06
2.72248e-06
2.72248e-06
2.72248e-06
2.72248e-06
2.72248e-06
2.72248e-06
2.72248e-06
2.72248e-06
2.72248e-06
2.72248e-06
2.72248e-06
2.72248e-06
2.72248e-06
2.72248e-06
2.72248e-06
2.72248e-06
2.72248e-06
2.72248e-06
2.72248e-06
2.72248e-06
2.72248e-06
2.72248e-06
2.72248e-06
2.72248e-06
2.72248e-06
2.72248e-06
2.72248e-06
2.72248e-06
2.72248e-06
2.72248e-06
2.72248e-06
2.72248e-06
2.72248e-06
2.72248e-06
2.72248e-06
2.72248e-06
2.72248e-06
2.72248e-06
2.72248e-06
2.72248e-06
2.72248e-06
2.72248e-06
2.72248e-06
2.72248e-06
2.72248e-06
2.72248e-06
2.72248e-06
2.72248e-06
2.72248e-06
2.72248e-06
2.72248e-06
2.72248e-06
2.72248e-06
2.72248e-06
2.72248e-06
2.72248e-06
2.72248e-06
2.72248e-06
2.72248e-06
2.72248e-06
2.72248e-06
2.72248e-06
2.72248e-06
2.72248e-06
2.72248e-06
2.72248e-06
2.72248e-06
2.72248e-06
2.72248e-06
2.72248e-06
2.72248e-06
2.72248e-06
2.72248e-06
2.72248e-06
2.72248e-06
2.72248e-06
2.72248e-06
2.72248e-06
2.72248e-06
2.72248e-06
2.72248e-06
2.72248e-06
2.72248e-06
2.72248e-06
2.72248e-06
2.72248e-06
2.72248e-06
2.72248e-06
2.72248e-06
2.72248e-06
2.72248e-06
2.72248e-06
2.72248e-06
2.72248e-06
2.72248e-06
2.72248e-06
2.72248e-06
2.72248e-06
2.72248e-06
2.72248e-06
2.72248e-06
2.72248e-06
2.72248e-06
2.72248e-06
2.72248e-06
2.72248e-06
2.72248e-06
2.72248e-06
2.72248e-06
2.72248e-06
2.72248e-06
2.72248e-06
2.72248e-06
2.72248e-06
2.72248e-06
2.72248e-06
2.72248e-06
2.72248e-06
2.72248e-06
2.72248e-06
2.72248e-06
2.72248e-06
2.72248e-06
2.72248e-06
2.72248e-06
2.72248e-06
2.72248e-06
2.72248e-06
2.72248e-06
2.72248e-06
2.72248e-06
2.72248e-06
2.72248e-06
2.72248e-06
2.72248e-06
2.72248e-06
2.72248e-06
2.72248e-06
2.72248e-06
2.72248e-06
2.72248e-06
2.72248e-06
2.72248e-06
2.72248e-06
2.72248e-06
2.72248e-06
2.72248e-06
2.72248e-06
2.72248e-06
2.72248e-06
2.72248e-06
2.72248e-06
2.72248e-06
2.72248e-06
2.72248e-06
2.72248e-06
2.72248e-06
2.72248e-06
2.72248e-06
2.72248e-06
2.72248e-06
2.72248e-06
2.72248e-06
2.72248e-06
2.72248e-06
2.72248e-06
2.72248e-06
2.72248e-06
2.72248e-06
2.72248e-06
2.72248e-06
2.72248e-06
2.72248e-06
2.72248e-06
2.72248e-06
2.72248e-06
2.72248e-06
2.72248e-06
2.72248e-06
2.72248e-06
2.72248e-06
2.72248e-06
2.72248e-06
2.72248e-06
2.72248e-06
2.72248e-06
2.72248e-06
2.72248e-06
2.72248e-06
2.72248e-06
2.72248e-06
2.72248e-06
2.72248e-06
2.72248e-06
2.72248e-06
2.72248e-06
2.72248e-06
2.72248e-06
2.72248e-06
2.72248e-06
2.72248e-06
2.72248e-06
2.72248e-06
2.72248e-06
2.72248e-06
2.72248e-06
2.72248e-06
2.72248e-06
2.72248e-06
2.72248e-06
2.72248e-06
2.72248e-06
2.72248e-06
2.72248e-06
2.72248e-06
2.72248e-06
2.72248e-06
2.72248e-06
2.72248e-06
2.72248e-06
2.72248e-06
2.72248e-06
2.72248e-06
2.72248e-06
2.72248e-06
2.72248e-06
2.72248e-06
2.72248e-06
2.72248e-06
2.72248e-06
2.72248e-06
2.72248e-06
2.72248e-06
2.72248e-06
2.72248e-06
2.72248e-06
2.72248e-06
2.72248e-06
2.72248e-06
2.72248e-06
2.72248e-06
2.72248e-06
2.72248e-06
2.72248e-06
2.72248e-06
2.72248e-06
2.72248e-06
2.72248e-06
2.72248e-06
2.72248e-06
2.72248e-06
2.72248e-06
2.72248e-06
2.72248e-06
2.72248e-06
2.72248e-06
2.72248e-06
2.72248e-06
2.72248e-06
2.72248e-06
2.72248e-06
2.72248e-06
2.72248e-06
2.72248e-06
2.72248e-06
2.72248e-06
2.72248e-06
2.72248e-06
2.72248e-06
2.72248e-06
2.72248e-06
2.72248e-06
2.72248e-06
2.72248e-06
2.72248e-06
2.72248e-06
2.72248e-06
2.72248e-06
2.72248e-06
2.72248e-06
2.72248e-06
2.72248e-06
2.72248e-06
2.72248e-06
2.72248e-06
2.72248e-06
2.72248e-06
2.72248e-06
2.72248e-06
2.72248e-06
2.72248e-06
2.72248e-06
2.72248e-06
2.72248e-06
2.72248e-06
2.72248e-06
2.72248e-06
2.72248e-06
2.72248e-06
2.72248e-06
2.72248e-06
2.72248e-06
2.72248e-06
2.72248e-06
2.72248e-06
2.72248e-06
2.72248e-06
2.72248e-06
2.72248e-06
2.72248e-06
2.72248e-06
2.72248e-06
2.72248e-06
2.72248e-06
2.72248e-06
2.72248e-06
2.72248e-06
2.72248e-06
2.72248e-06
2.72248e-06
2.72248e-06
2.72248e-06
2.72248e-06
2.72248e-06
2.72248e-06
2.72248e-06
2.72248e-06
2.72248e-06
2.72248e-06
2.72248e-06
2.72248e-06
2.72248e-06
2.72248e-06
2.72248e-06
2.72248e-06
2.72248e-06
2.72248e-06
2.72248e-06
2.72248e-06
2.72248e-06
2.72248e-06
2.72248e-06
2.72248e-06
2.72248e-06
2.72248e-06
2.72248e-06
2.72248e-06
2.72248e-06
2.72248e-06
2.72248e-06
2.72248e-06
2.72248e-06
2.72248e-06
2.72248e-06
2.72248e-06
2.72248e-06
2.72248e-06
2.72248e-06
2.72248e-06
2.72248e-06
2.72248e-06
2.72248e-06
2.72248e-06
2.72248e-06
2.72248e-06
2.72248e-06
2.72248e-06
2.72248e-06
2.72248e-06
2.72248e-06
2.72248e-06
2.72248e-06
2.72248e-06
2.72248e-06
2.72248e-06
2.72248e-06
2.72248e-06
2.72248e-06
2.72248e-06
2.72248e-06
2.72248e-06
2.72248e-06
2.72248e-06
2.72248e-06
2.72248e-06
2.72248e-06
2.72248e-06
2.72248e-06
2.72248e-06
2.72248e-06
2.72248e-06
2.72248e-06
2.72248e-06
2.72248e-06
2.72248e-06
2.72248e-06
2.72248e-06
2.72248e-06
2.72248e-06
2.72248e-06
2.72248e-06
2.72248e-06
2.72248e-06
2.72248e-06
2.72248e-06
2.72248e-06
2.72248e-06
2.72248e-06
2.72248e-06
2.72248e-06
2.72248e-06
2.72248e-06
2.72248e-06
2.72248e-06
2.72248e-06
2.72248e-06
2.72248e-06
2.72248e-06
2.72248e-06
2.72248e-06
2.72248e-06
2.72248e-06
2.72248e-06
2.72248e-06
2.72248e-06
2.72248e-06
2.72248e-06
2.72248e-06
2.72248e-06
2.72248e-06
2.72248e-06
2.72248e-06
2.72248e-06
2.72248e-06
2.72248e-06
2.72248e-06
2.72248e-06
2.72248e-06
2.72248e-06
2.72248e-06
2.72248e-06
2.72248e-06
2.72248e-06
2.72248e-06
2.72248e-06
2.72248e-06
2.72248e-06
2.72248e-06
2.72248e-06
2.72248e-06
2.72248e-06
2.72248e-06
2.72248e-06
2.72248e-06
2.72248e-06
2.72248e-06
2.72248e-06
2.72248e-06
2.72248e-06
2.72248e-06
2.72248e-06
2.72248e-06
2.72248e-06
2.72248e-06
2.72248e-06
2.72248e-06
2.72248e-06
2.72248e-06
2.72248e-06
2.72248e-06
2.72248e-06
2.72248e-06
2.72248e-06
2.72248e-06
2.72248e-06
2.72248e-06
2.72248e-06
2.72248e-06
2.72248e-06
2.72248e-06
2.72248e-06
2.72248e-06
2.72248e-06
2.72248e-06
2.72248e-06
2.72248e-06
2.72248e-06
2.72248e-06
2.72248e-06
2.72248e-06
2.72248e-06
2.72248e-06
2.72248e-06
2.72248e-06
2.72248e-06
2.72248e-06
2.72248e-06
2.72248e-06
2.72248e-06
2.72248e-06
2.72248e-06
2.72248e-06
2.72248e-06
2.72248e-06
2.72248e-06
2.72248e-06
2.72248e-06
2.72248e-06
2.72248e-06
2.72248e-06
2.72248e-06
2.72248e-06
2.72248e-06
2.72248e-06
2.72248e-06
2.72248e-06
2.72248e-06
2.72248e-06
2.72248e-06
2.72248e-06
2.72248e-06
2.72248e-06
2.72248e-06
2.72248e-06
2.72248e-06
2.72248e-06
2.72248e-06
2.72248e-06
2.72248e-06
2.72248e-06
2.72248e-06
2.72248e-06
2.72248e-06
2.72248e-06
2.72248e-06
2.72248e-06
2.72248e-06
2.72248e-06
2.72248e-06
2.72248e-06
2.72248e-06
2.72248e-06
2.72248e-06
2.72248e-06
2.72248e-06
2.72248e-06
2.72248e-06
2.72248e-06
2.72248e-06
2.72248e-06
2.72248e-06
2.72248e-06
2.72248e-06
2.72248e-06
2.72248e-06
2.72248e-06
2.72248e-06
2.72248e-06
2.72248e-06
2.72248e-06
2.72248e-06
2.72248e-06
2.72248e-06
2.72248e-06
2.72248e-06
2.72248e-06
2.72248e-06
2.72248e-06
2.72248e-06
2.72248e-06
2.72248e-06
2.72248e-06
2.72248e-06
2.72248e-06
2.72248e-06
2.72248e-06
2.72248e-06
2.72248e-06
2.72248e-06
2.72248e-06
2.72248e-06
2.72248e-06
2.72248e-06
2.72248e-06
2.72248e-06
2.72248e-06
2.72248e-06
2.72248e-06
2.72248e-06
2.72248e-06
2.72248e-06
2.72248e-06
2.72248e-06
2.72248e-06
2.72248e-06
2.72248e-06
2.72248e-06
2.72248e-06
2.72248e-06
2.72248e-06
2.72248e-06
2.72248e-06
2.72248e-06
2.72248e-06
2.72248e-06
2.72248e-06
2.72248e-06
2.72248e-06
2.72248e-06
2.72248e-06
2.72248e-06
2.72248e-06
2.72248e-06
2.72248e-06
2.72248e-06
2.72248e-06
2.72248e-06
2.72248e-06
2.72248e-06
2.72248e-06
2.72248e-06
2.72248e-06
2.72248e-06
2.72248e-06
2.72248e-06
2.72248e-06
2.72248e-06
2.72248e-06
2.72248e-06
2.72248e-06
2.72248e-06
2.72248e-06
2.72248e-06
2.72248e-06
2.72248e-06
2.72248e-06
2.72248e-06
2.72248e-06
2.72248e-06
2.72248e-06
2.72248e-06
2.72248e-06
2.72248e-06
2.72248e-06
2.72248e-06
2.72248e-06
2.72248e-06
2.72248e-06
2.72248e-06
2.72248e-06
2.72248e-06
2.72248e-06
2.72248e-06
2.72248e-06
2.72248e-06
2.72248e-06
2.72248e-06
2.72248e-06
2.72248e-06
2.72248e-06
2.72248e-06
2.72248e-06
2.72248e-06
2.72248e-06
2.72248e-06
2.72248e-06
2.72248e-06
2.72248e-06
2.72248e-06
2.72248e-06
2.72248e-06
2.72248e-06
2.72248e-06
2.72248e-06
2.72248e-06
2.72248e-06
2.72248e-06
2.72248e-06
2.72248e-06
2.72248e-06
2.72248e-06
2.72248e-06
2.72248e-06
2.72248e-06
2.72248e-06
2.72248e-06
2.72248e-06
2.72248e-06
2.72248e-06
2.72248e-06
2.72248e-06
2.72248e-06
2.72248e-06
2.72248e-06
2.72248e-06
2.72248e-06
2.72248e-06
2.72248e-06
2.72248e-06
2.72248e-06
2.72248e-06
2.72248e-06
2.72248e-06
2.72248e-06
2.72248e-06
2.72248e-06
2.72248e-06
2.72248e-06
2.72248e-06
2.72248e-06
2.72248e-06
2.72248e-06
2.72248e-06
2.72248e-06
2.72248e-06
2.72248e-06
2.72248e-06
2.72248e-06
2.72248e-06
2.72248e-06
2.72248e-06
2.72248e-06
2.72248e-06
2.72248e-06
2.72248e-06
2.72248e-06
2.72248e-06
2.72248e-06
2.72248e-06
2.72248e-06
2.72248e-06
2.72248e-06
2.72248e-06
2.72248e-06
2.72248e-06
2.72248e-06
2.72248e-06
2.72248e-06
2.72248e-06
2.72248e-06
2.72248e-06
2.72248e-06
2.72248e-06
2.72248e-06
2.72248e-06
2.72248e-06
2.72248e-06
2.72248e-06
2.72248e-06
2.72248e-06
2.72248e-06
2.72248e-06
2.72248e-06
2.72248e-06
2.72248e-06
2.72248e-06
2.72248e-06
2.72248e-06
2.72248e-06
2.72248e-06
2.72248e-06
2.72248e-06
2.72248e-06
2.72248e-06
2.72248e-06
2.72248e-06
2.72248e-06
2.72248e-06
2.72248e-06
2.72248e-06
2.72248e-06
2.72248e-06
2.72248e-06
2.72248e-06
2.72248e-06
2.72248e-06
2.72248e-06
2.72248e-06
2.72248e-06
2.72248e-06
2.72248e-06
2.72248e-06
2.72248e-06
2.72248e-06
2.72248e-06
2.72248e-06
2.72248e-06
2.72248e-06
2.72248e-06
2.72248e-06
2.72248e-06
2.72248e-06
2.72248e-06
2.72248e-06
2.72248e-06
2.72248e-06
2.72248e-06
2.72248e-06
2.72248e-06
2.72248e-06
2.72248e-06
2.72248e-06
2.72248e-06
2.72248e-06
2.72248e-06
2.72248e-06
2.72248e-06
2.72248e-06
2.72248e-06
2.72248e-06
2.72248e-06
2.72248e-06
2.72248e-06
2.72248e-06
2.72248e-06
2.72248e-06
2.72248e-06
2.72248e-06
2.72248e-06
2.72248e-06
2.72248e-06
2.72248e-06
2.72248e-06
2.72248e-06
2.72248e-06
2.72248e-06
2.72248e-06
2.72248e-06
2.72248e-06
2.72248e-06
2.72248e-06
2.72248e-06
2.72248e-06
2.72248e-06
2.72248e-06
2.72248e-06
2.72248e-06
2.72248e-06
2.72248e-06
2.72248e-06
2.72248e-06
2.72248e-06
2.72248e-06
2.72248e-06
2.72248e-06
2.72248e-06
2.72248e-06
2.72248e-06
2.72248e-06
2.72248e-06
2.72248e-06
2.72248e-06
2.72248e-06
2.72248e-06
2.72248e-06
2.72248e-06
2.72248e-06
2.72248e-06
2.72248e-06
2.72248e-06
2.72248e-06
2.72248e-06
2.72248e-06
2.72248e-06
2.72248e-06
2.72248e-06
2.72248e-06
2.72248e-06
2.72248e-06
2.72248e-06
2.72248e-06
2.72248e-06
2.72248e-06
2.72248e-06
2.72248e-06
2.72248e-06
2.72248e-06
2.72248e-06
2.72248e-06
2.72248e-06
2.72248e-06
2.72248e-06
2.72248e-06
2.72248e-06
2.72248e-06
2.72248e-06
2.72248e-06
2.72248e-06
2.72248e-06
2.72248e-06
2.72248e-06
2.72248e-06
2.72248e-06
2.72248e-06
2.72248e-06
2.72248e-06
2.72248e-06
2.72248e-06
2.72248e-06
2.72248e-06
2.72248e-06
2.72248e-06
2.72248e-06
2.72248e-06
2.72248e-06
2.72248e-06
2.72248e-06
2.72248e-06
2.72248e-06
2.72248e-06
2.72248e-06
2.72248e-06
2.72248e-06
2.72248e-06
2.72248e-06
2.72248e-06
2.72248e-06
2.72248e-06
2.72248e-06
2.72248e-06
2.72248e-06
2.72248e-06
2.72248e-06
2.72248e-06
2.72248e-06
2.72248e-06
2.72248e-06
2.72248e-06
2.72248e-06
2.72248e-06
2.72248e-06
2.72248e-06
2.72248e-06
2.72248e-06
2.72248e-06
2.72248e-06
2.72248e-06
2.72248e-06
2.72248e-06
2.72248e-06
2.72248e-06
2.72248e-06
2.72248e-06
2.72248e-06
2.72248e-06
2.72248e-06
2.72248e-06
2.72248e-06
2.72248e-06
2.72248e-06
2.72248e-06
2.72248e-06
2.72248e-06
2.72248e-06
2.72248e-06
2.72248e-06
2.72248e-06
2.72248e-06
2.72248e-06
2.72248e-06
2.72248e-06
2.72248e-06
2.72248e-06
2.72248e-06
2.72248e-06
2.72248e-06
2.72248e-06
2.72248e-06
2.72248e-06
2.72248e-06
2.72248e-06
2.72248e-06
2.72248e-06
2.72248e-06
2.72248e-06
2.72248e-06
2.72248e-06
2.72248e-06
2.72248e-06
2.72248e-06
2.72248e-06
2.72248e-06
2.72248e-06
2.72248e-06
2.72248e-06
2.72248e-06
2.72248e-06
2.72248e-06
2.72248e-06
2.72248e-06
2.72248e-06
2.72248e-06
2.72248e-06
2.72248e-06
2.72248e-06
2.72248e-06
2.72248e-06
2.72248e-06
2.72248e-06
2.72248e-06
2.72248e-06
2.72248e-06
2.72248e-06
2.72248e-06
2.72248e-06
2.72248e-06
2.72248e-06
2.72248e-06
2.72248e-06
2.72248e-06
2.72248e-06
2.72248e-06
2.72248e-06
2.72248e-06
2.72248e-06
2.72248e-06
2.72248e-06
2.72248e-06
2.72248e-06
2.72248e-06
2.72248e-06
2.72248e-06
2.72248e-06
2.72248e-06
2.72248e-06
2.72248e-06
2.72248e-06
2.72248e-06
2.72248e-06
2.72248e-06
2.72248e-06
2.72248e-06
2.72248e-06
2.72248e-06
2.72248e-06
2.72248e-06
2.72248e-06
2.72248e-06
2.72248e-06
2.72248e-06
2.72248e-06
2.72248e-06
2.72248e-06
2.72248e-06
2.72248e-06
2.72248e-06
2.72248e-06
2.72248e-06
2.72248e-06
2.72248e-06
2.72248e-06
2.72248e-06
2.72248e-06
2.72248e-06
2.72248e-06
2.72248e-06
2.72248e-06
2.72248e-06
2.72248e-06
2.72248e-06
2.72248e-06
2.72248e-06
2.72248e-06
2.72248e-06
2.72248e-06
2.72248e-06
2.72248e-06
2.72248e-06
2.72248e-06
2.72248e-06
2.72248e-06
2.72248e-06
2.72248e-06
2.72248e-06
2.72248e-06
2.72248e-06
2.72248e-06
2.72248e-06
2.72248e-06
2.72248e-06
2.72248e-06
2.72248e-06
2.72248e-06
2.72248e-06
2.72248e-06
2.72248e-06
2.72248e-06
2.72248e-06
2.72248e-06
2.72248e-06
2.72248e-06
2.72248e-06
2.72248e-06
2.72248e-06
2.72248e-06
2.72248e-06
2.72248e-06
2.72248e-06
2.72248e-06
2.72248e-06
2.72248e-06
2.72248e-06
2.72248e-06
2.72248e-06
